21        	1.0                 	123.203715          	163.757046          	0.7523567260733318  	0.004011722907639055	0.0036015419090323422
43        	1.0                 	349.522089          	432.122082          	0.8088503308655262  	0.008254554438940291	0.006565373308638467
65        	1.0                 	515.510075          	646.32088           	0.7976070260951496  	0.010806451257134022	0.00936533257494933 
86        	1.0                 	691.3987070000001   	840.776992          	0.8223330485713387  	0.01441411229298916 	0.011418747285165546
108       	1.0                 	933.947907          	1117.032587         	0.8360972794073017  	0.019392660901046306	0.01364088816170437 
130       	1.0                 	1052.974958         	1236.059638         	0.8518803831373063  	0.02406091827240046 	0.015253244977148231
152       	1.0                 	1163.537582         	1431.424632         	0.8128528432365274  	0.028374032132906485	0.016988106837637636
195       	0.8888888888888888  	1318.0629629999999  	1594.578059         	0.8265904297131683  	0.029504724728667595	0.016509319525540665
217       	0.9                 	1483.8874779999999  	1905.274921         	0.7788311606081335  	0.03482174753244126 	0.018813427645380874
282       	0.7692307692307693  	1655.7122659999998  	2101.687407         	0.7878013925788345  	0.03424466203965022 	0.017842599048363383
369       	0.6470588235294118  	1789.9340569999997  	2260.709335         	0.7917577148413021  	0.03233887206580485 	0.016414770352339774
413       	0.631578947368421   	1842.1184199999998  	2313.764154         	0.7961565213184645  	0.034728071999648835	0.017170490092549274
434       	0.65                	1963.9759489999997  	2458.2515359999998  	0.7989320540385904  	0.03911970809485592 	0.01882375012832731 
456       	0.6666666666666666  	2445.9509449999996  	3388.2504469999994  	0.7218920157350458  	0.04475809692835875 	0.021895889131348302
478       	0.6818181818181818  	2555.3654399999996  	3525.4990859999994  	0.7248237420192597  	0.05033170119904126 	0.024841392389000506
500       	0.6666666666666666  	2650.919216         	3709.5170499999995  	0.7146265080517692  	0.0530342726698129  	0.026390994473091567
521       	0.68                	2746.844087         	3811.1263519999993  	0.7207433795939391  	0.05808072399666524 	0.028831728680447578
543       	0.6923076923076923  	2928.855618         	4087.1809949999993  	0.7165955267415312  	0.06339616978858055 	0.03132528479352533 
630       	0.6129032258064516  	2986.134386         	4144.459762999999   	0.7205123361695913  	0.059286849208288715	0.02923085795063603 
673       	0.5882352941176471  	3136.136793         	4306.717341999999   	0.7281965692096263  	0.059390238785195434	0.02929316748733299 
739       	0.5526315789473685  	3319.467189         	4570.361747999999   	0.726302943186632   	0.05791864421270985 	0.028602777254452327
847       	0.5116279069767442  	3475.354495         	4806.659521999999   	0.7230290556452691  	0.05558934471487233 	0.02752482597642063 
886       	0.5                 	3597.212024         	4932.671110999999   	0.7292624914679824  	0.05611468138531395 	0.02778072697493671 
898       	0.5                 	3769.036812         	5129.083596999999   	0.7348362998420438  	0.057870151610256236	0.028644269312768353
975       	0.46296296296296297 	3821.2211749999997  	5182.138415999999   	0.737383077843284   	0.05434370451964106 	0.026579746907290897
978       	0.4727272727272727  	3922.2798599999996  	5292.540667999999   	0.7410958377164804  	0.05616405649105606 	0.027216076141227397
979       	0.47368421052631576 	4211.794782999999   	5774.446375999999   	0.7293850368937949  	0.05702494561441749 	0.027479667108552108
1040      	0.45901639344262296 	4297.491222999999   	5860.142815999999   	0.7333424044319401  	0.05551336973160973 	0.02636924324523076 
1070      	0.4603174603174603  	4393.416093999999   	5956.067686999999   	0.7376370324986873  	0.05613311646504744 	0.026208438395556765
1081      	0.46875             	4645.193694999999   	6331.868028999999   	0.7336213695113322  	0.05762411755053912 	0.026609309163592696
1085      	0.47692307692307695 	4830.380736999999   	6569.452974999999   	0.73527898827832    	0.05940061545228464 	0.02706918438228988 
1122      	0.47761194029850745 	5068.907079999999   	7029.513501999999   	0.7210893155775036  	0.060085392796971705	0.027331708360519315
1224      	0.42857142857142855 	5128.475068999999   	7130.824303999999   	0.7191980688856978  	0.05432751951905815 	0.024670343093368952
1306      	0.4146341463414634  	5184.06727          	7208.872237999999   	0.719123199697356   	0.05296842855528483 	0.024019053164677482
1312      	0.42168674698795183 	5259.812239999999   	7284.617207999999   	0.722043738169749   	0.05430782894018736 	0.02458592365954619 
1345      	0.4186046511627907  	5420.807287         	7460.983807999999   	0.7265539540760789  	0.054360978728813285	0.024546958993265033
1367      	0.42045454545454547 	5503.017687         	7543.194207999999   	0.7295341383579554  	0.054940166602719255	0.024758502749530967
1428      	0.41304347826086957 	5591.915749999999   	7708.313591999999   	0.7254395767971242  	0.05439867846440777 	0.024468610530498317
1510      	0.3979591836734694  	5738.050576         	7874.331438999999   	0.7287032074342941  	0.05286145060703547 	0.023710749615485624
1550      	0.4                 	5830.896228         	8008.813164999999   	0.7280599644254531  	0.05361639922170476 	0.0239887644667577  
1566      	0.39805825242718446 	5940.310723         	8132.187241999999   	0.7304690049831     	0.05382190319199863 	0.023990874092717038
1630      	0.3888888888888889  	6151.887465         	8480.692057999999   	0.7253992272006631  	0.05303037809849557 	0.02360502746146533 
1673      	0.3805309734513274  	6453.921085         	8917.585694         	0.7237296401135095  	0.05236923201680857 	0.02328522370351371 
1677      	0.38596491228070173 	6544.829051         	9043.289053999999   	0.7237222001772808  	0.05363898260187293 	0.023821697574724878
1693      	0.391304347826087   	6609.419913         	9170.701427999998   	0.7207104020222608  	0.054863234914948135	0.024359218421583992
1755      	0.3898305084745763  	6672.905476999999   	9265.924996999998   	0.7201553519114893  	0.05515500363377954 	0.024485454483099647
1757      	0.3949579831932773  	6854.917007999999   	9508.980067999999   	0.7208887766069088  	0.05647852406043773 	0.025071552884725366
1827      	0.384               	6984.791703         	9638.854763         	0.7246495434096625  	0.05544817342326409 	0.024600128592309596
1877      	0.3769230769230769  	7024.146696         	9678.209756         	0.7257692148742059  	0.0548586981264852  	0.024334757590966167
1918      	0.373134328358209   	7121.022935         	9852.058999         	0.722795401014427   	0.05476281149654592 	0.024316858786241638
1938      	0.3722627737226277  	7236.209996         	10010.345651000001  	0.7228731402773415  	0.054919630225315916	0.02427749967188551 
1959      	0.37681159420289856 	7469.159223         	10272.591902000002  	0.7270958774820799  	0.05600031433574315 	0.02463285227012916 
1976      	0.381294964028777   	7651.275054         	10645.252064000002  	0.7187500124938327  	0.05716272749455286 	0.025072838610616408
1979      	0.38571428571428573 	7896.10877          	10911.532984000001  	0.723647977014629   	0.058383812319360524	0.02545827987928908 
2062      	0.38461538461538464 	8161.933351         	11366.095802000002  	0.7180947172347262  	0.058901207126654864	0.025571937112174033
2064      	0.3888888888888889  	8316.458732         	11617.230353        	0.7158727579032966  	0.06017302890220956 	0.025998649453075118
2080      	0.3904109589041096  	8405.356795         	11782.349737        	0.7133854437035372  	0.06095711277918669 	0.02621451776547214 
2100      	0.3945578231292517  	8523.162392         	11994.558977        	0.7105857254396324  	0.062137152700566856	0.026612544574208464
2107      	0.39864864864864863 	8736.584316         	12444.091242        	0.7020668802646827  	0.06335663734302267 	0.02712108295726103 
2125      	0.40268456375838924 	9043.24227          	12922.944988000001  	0.6997818437204044  	0.06465869110310245 	0.027621936269009974
2179      	0.40131578947368424 	9140.118509         	13058.307729000002  	0.6999466315762759  	0.06511966646805167 	0.027763315169883864
2200      	0.4025974025974026  	9287.610494         	13294.118969000003  	0.6986254986627838  	0.0660258423844873  	0.028105209594303016
2225      	0.4012738853503185  	9434.728593         	13569.358746000004  	0.6952965699857544  	0.0665449223073586  	0.02830101286413493 
2250      	0.4025157232704403  	9666.701648         	13899.442204000003  	0.6954740705506947  	0.06757282664077872 	0.028737756030473658
2275      	0.40372670807453415 	9784.031122         	14105.176046000002  	0.6936482813183031  	0.06859344473069885 	0.029165379572822923
2350      	0.39759036144578314 	9877.662334         	14234.592098000003  	0.6939195915131167  	0.06828371537499761 	0.029026211727425966
2357      	0.39880952380952384 	9911.658095         	14278.864901000003  	0.694148881141515   	0.06912294012328635 	0.029357773929260506
2375      	0.4                 	10004.335506000001  	14407.186676000003  	0.6943989642797906  	0.06995810919644284 	0.029691623808923616
2425      	0.39204545454545453 	10078.171035000001  	14508.614929000003  	0.6946335735229712  	0.06917316168048156 	0.02932559863687698 
2496      	0.3888888888888889  	10323.004751        	15009.488466000003  	0.6877652609137225  	0.0693546589045552  	0.029414360726015935
2591      	0.37967914438502676 	10386.490315000001  	15104.712035000002  	0.6876324613758186  	0.06829757864904622 	0.028936696007885537
2686      	0.36180904522613067 	10425.845308000002  	15144.067028000003  	0.688444213085135   	0.06558894129565229 	0.02776267147630854 
2750      	0.35784313725490197 	10519.476520000002  	15309.267920000004  	0.6871312576780614  	0.06540881740483528 	0.02766176136122476 
2769      	0.357487922705314   	10665.611346000002  	15520.537392000004  	0.687193431298168   	0.06591177696109919 	0.0278292787693859  
2800      	0.3588516746411483  	10740.987666        	15645.827097000003  	0.6865081404395376  	0.06665355675640945 	0.028122000568289767
2875      	0.35185185185185186 	10789.188915        	15694.028346000003  	0.6874709715781725  	0.0657340065740787  	0.027707448467587836
2906      	0.3532110091743119  	10906.994512000001  	15925.508216000002  	0.6848757580647874  	0.06640217264803282 	0.027986782332537014
2950      	0.35294117647058826 	10980.934625000002  	16008.842709000002  	0.6859293219757001  	0.06676696037592503 	0.02809545710471536 
2975      	0.35267857142857145 	11033.160101000001  	16061.068185000002  	0.6869505797443946  	0.06703309139647232 	0.028129651883349743
2994      	0.35398230088495575 	11307.605254000002  	16564.192805000002  	0.6826535640533435  	0.06769823056778301 	0.02836489061892406 
3024      	0.35526315789473684 	11461.426407000003  	16789.394987000003  	0.6826586911484639  	0.06828873348696902 	0.02854966969870909 
3027      	0.35807860262008734 	11786.875884000003  	17432.378502000003  	0.6761484603290195  	0.06921952383546498 	0.028946872114782484
3087      	0.3577586206896552  	11899.175687000003  	17593.775340000004  	0.6763287274645852  	0.06958336364117378 	0.02910346217298205 
3111      	0.358974358974359   	11938.341063000003  	17653.915197000002  	0.6762432542458758  	0.0701972983861799  	0.029371863980212406
3166      	0.35714285714285715 	12093.769343000004  	17854.486879000004  	0.6773518289805567  	0.07017073410551314 	0.029363131748418782
3194      	0.35833333333333334 	12112.552127000004  	17899.035748000002  	0.6767153436381864  	0.07073602243145598 	0.029608027868942798
3305      	0.35365853658536583 	12215.195815000005  	18094.085533        	0.6750932945863402  	0.07014562167586236 	0.029381321332424576
3362      	0.3492063492063492  	12289.135928000005  	18168.025646000002  	0.6764155977898273  	0.06955334515566175 	0.029140525354420178
3373      	0.35177865612648224 	12417.053404000006  	18327.555711        	0.677507333754682   	0.07035606669211986 	0.029492406206506585
3388      	0.3543307086614173  	12470.028122000005  	18386.607803000003  	0.6782125477199424  	0.07114134977004904 	0.029832681078645437
3429      	0.35271317829457366 	12552.238522000005  	18468.818203000003  	0.6796449228116322  	0.07110082292701833 	0.029822421827573605
3483      	0.3511450381679389  	12781.032483000005  	18874.920667000002  	0.6771436398853714  	0.07109297937682559 	0.029857185476795715
3500      	0.35361216730038025 	12842.728720000005  	18936.616904000002  	0.6781955185082306  	0.07185944260928552 	0.030187070665972753
3583      	0.34814814814814815 	13065.219914000005  	19489.114447000004  	0.6703855092816267  	0.07095128106418269 	0.02981082372461826 
3591      	0.3505535055350554  	13182.549388000005  	19650.646105000003  	0.6708455954863375  	0.0716732214518485  	0.030121392806882512
3666      	0.35036496350364965 	13220.735974000005  	19721.693253000005  	0.6703651559933327  	0.07183098831145202 	0.030200344124741624
3777      	0.34035087719298246 	13268.119326000005  	19776.912107000004  	0.6708893306606636  	0.06995614835757472 	0.029416575583402948
3825      	0.34146341463414637 	13365.982209000005  	19938.185460000004  	0.6703710443367499  	0.07038194058717133 	0.029607028933748752
3833      	0.34256055363321797 	13418.956927000005  	20003.314926000003  	0.6708366576560892  	0.07079643387091597 	0.029781556461063396
3859      	0.3424657534246575  	13511.634338000005  	20167.281065000003  	0.6699779853541702  	0.07096831432739571 	0.029864597317318286
3862      	0.3435374149659864  	13583.002908000006  	20270.145000000004  	0.6700989513395195  	0.0713708525915475  	0.03004153619494513 
3898      	0.3434343434343434  	13631.204157000006  	20318.346249000006  	0.6708815761849163  	0.07149290540698072 	0.030032610328509898
3946      	0.3433333333333333  	13692.900394000006  	20429.058288000007  	0.6702658635049855  	0.0716125041474866  	0.030035361443038252
3972      	0.3443708609271523  	13922.822635000006  	20757.940268000006  	0.6707227429719089  	0.07203461063430558 	0.03015446550687749 
4024      	0.3442622950819672  	14149.879205000007  	21109.808921000007  	0.6702987818579318  	0.07226832006359049 	0.030207050402024625
4040      	0.343042071197411   	14283.522253000006  	21283.829599000008  	0.671097378719434   	0.0722672894739504  	0.0301525479879657  
4124      	0.3396825396825397  	14368.423121000007  	21417.884133000007  	0.6708609978359902  	0.07179433430451103 	0.029905959426907464
4170      	0.34069400630914826 	14578.092065000008  	21668.72969300001   	0.6727709594212806  	0.072288356209957   	0.03004910173125016 
4219      	0.340625            	14729.939091000007  	21883.94129700001   	0.6730935205450986  	0.07257704665863615 	0.030119291676518545
4243      	0.3426791277258567  	14768.631558000008  	21946.086369000008  	0.672950580330417   	0.07331785247238852 	0.030381322096742193
4329      	0.3394495412844037  	14842.467087000008  	22102.700070000006  	0.6715228021912892  	0.0729240805760185  	0.030190447038706172
4512      	0.32941176470588235 	15213.380809000008  	22862.339214000007  	0.665434130191014   	0.07111017972066351 	0.029451075759192376
4658      	0.32285714285714284 	15336.923292000007  	22985.881697000008  	0.6672323252234305  	0.07002330802826714 	0.02901354460792795 
4815      	0.3149171270718232  	15645.273349000006  	23386.570540000008  	0.6689853615877791  	0.0686298303336085  	0.028450765996780307
5008      	0.3026315789473684  	15865.468330000007  	23755.508531000007  	0.6678648158298187  	0.06611890266862092 	0.027385330932779176
5025      	0.30446194225721784 	15915.665206000007  	23824.09539700001   	0.6680490881514918  	0.06666210739897874 	0.027558873530577246
5029      	0.306282722513089   	16145.587447000007  	24073.501611000007  	0.670678811412401   	0.06727275850829559 	0.027741388964814526
5129      	0.30412371134020616 	16789.030704000008  	25373.145911000007  	0.6616850256917282  	0.0670413405452462  	0.027673071440140244
5137      	0.3059125964010283  	16912.57318700001   	25535.130327000006  	0.6623257046437399  	0.067597949156309   	0.027853228725122525
5138      	0.3076923076923077  	17294.90181900001   	26329.798696000005  	0.6568565912213917  	0.06821039480993234 	0.028084813132580842
5153      	0.309462915601023   	17366.86325900001   	26436.756188000007  	0.6569211114820153  	0.06875109412613924 	0.028258922513044137
5209      	0.3096446700507614  	17661.217925000008  	26815.618979000006  	0.6586168284547509  	0.06900522063030312 	0.02831309462784425 
5216      	0.31139240506329113 	17760.60569500001   	26935.928179000006  	0.6593649038924402  	0.0695554950834634  	0.02848927001332035 
5219      	0.31313131313131315 	17841.05861800001   	27053.094772000008  	0.6594830930938641  	0.07010620875862977 	0.028665647354070577
5230      	0.3148614609571788  	17903.00372500001   	27126.04218500001   	0.6599932125335963  	0.07064709031038843 	0.02883747307466179 
5256      	0.3157894736842105  	18313.85733300001   	27768.92611500001   	0.6595090230409512  	0.07104943327450568 	0.028960374128254716
5264      	0.3175              	18384.786090000012  	27839.85487200001   	0.6603765060747694  	0.0716329575189827  	0.02915967325275602 
5282      	0.31840796019900497 	18699.819311000014  	28708.30225500001   	0.6513732210598814  	0.07207605654203536 	0.02935896287772751 
5358      	0.3146341463414634  	18794.617257000013  	28809.80465400001   	0.6523687849577463  	0.07148429949398054 	0.02912552816996473 
5410      	0.3140096618357488  	18864.57446100001   	28935.23843400001   	0.6519584935866095  	0.07161606855046584 	0.029187684095628275
5641      	0.30324074074074076 	18920.20607700001   	29010.68740700001   	0.6521805502766108  	0.06940523652355385 	0.02828721543130653 
5692      	0.30275229357798167 	19014.23999100001   	29168.816199000008  	0.6518687581037955  	0.0695242671260319  	0.028347266343438343
5785      	0.3009049773755656  	19052.93245800001   	29230.961271000007  	0.6518065650103131  	0.06925253211531274 	0.028235449109871913
5820      	0.30180180180180183 	19300.84381200001   	29675.554184000008  	0.6503953958981609  	0.06964486680004453 	0.028405470698413406
5846      	0.30337078651685395 	19369.59107800001   	29852.907602000007  	0.6488343224799428  	0.07020240385455323 	0.02865667848051872 
5871      	0.30493273542600896 	19612.888776000007  	30112.814599000005  	0.6513137027267892  	0.0708054396635277  	0.028919446784899164
5957      	0.30444444444444446 	19663.08565200001   	30181.401465000006  	0.6514967727659166  	0.07094480703513108 	0.028990128620550375
5974      	0.3053097345132743  	19963.587369000008  	30758.901711000006  	0.6490344667235185  	0.07139343121840017 	0.02914965663224257 
6021      	0.3068432671081678  	20066.48227200001   	30936.543477000007  	0.6486336227871927  	0.07202245004970305 	0.029382847038145248
6326      	0.2916666666666667  	20105.633930000007  	31063.132189000007  	0.6472506960234925  	0.06870158960707147 	0.028016526857504838
6367      	0.2919254658385093  	20227.510527000006  	31267.190801000008  	0.6469244600750342  	0.06897093671614425 	0.028127373061748867
6380      	0.2927835051546392  	20283.142143000005  	31362.457131000006  	0.6467331962632249  	0.06937530249181016 	0.02828792705108508 
6445      	0.29124236252545826 	20583.643860000004  	31950.456613000006  	0.6442362971308814  	0.06920260675924968 	0.02821571894518462 
6478      	0.2920892494929006  	20731.825803000003  	32204.815265000005  	0.6437492540294502  	0.06956050855602394 	0.02835131502345589 
6543      	0.29116465863453816 	20851.645149000004  	32467.930342000003  	0.6422228004483133  	0.06950788627859476 	0.028331677125627792
6585      	0.29141716566866266 	20999.029107000002  	32619.191845000005  	0.6437630094204438  	0.06976521570324197 	0.028429312316824374
6604      	0.2916666666666667  	21067.776373        	32715.090649000005  	0.6439773191838604  	0.06999868192799179 	0.02852779107205041 
6633      	0.29133858267716534 	21231.61343         	32935.023498        	0.6446515342941627  	0.07010829011418708 	0.028575141283436578
6650      	0.29273084479371314 	21516.11264         	33288.909250000004  	0.6463447774276352  	0.07063904808837206 	0.028801480445918373
6652      	0.29354207436399216 	21619.527137999998  	33435.07568         	0.6466121789259847  	0.07100760475884936 	0.028956471054364684
6695      	0.29377431906614787 	21680.286159999996  	33526.165776        	0.6466676298403325  	0.07124507739625005 	0.029057971156732965
6739      	0.2940038684719536  	21787.536974999995  	33660.072529000005  	0.6472813436818603  	0.07150291762454404 	0.029163105673921257
6804      	0.2903225806451613  	21940.319620999995  	33812.855175000004  	0.6488750952099979  	0.07081028889104556 	0.02887544085876525 
6819      	0.2916666666666667  	21979.471278999994  	33867.59753100001   	0.6489822981651279  	0.0713421481982344  	0.029087913471599638
7078      	0.2838827838827839  	22105.425511999994  	34039.593810000006  	0.649403328235543   	0.06963982096486011 	0.02839279364942725 
7157      	0.28363636363636363 	22214.495078999993  	34184.25199900001   	0.6498458728788283  	0.06979354297057351 	0.02845552487777158 
7368      	0.2778761061946903  	22262.570152999993  	34256.26693500001   	0.6498831351134201  	0.0685807607950969  	0.027961428957637084
7552      	0.27241379310344827 	22343.987033999994  	34377.23199300001   	0.6499646928685167  	0.06736921739554963 	0.027458439348025547
7631      	0.2708688245315162  	22439.574283999995  	34555.83092900001   	0.6493715729222478  	0.06713139126644874 	0.02735603045932953 
7684      	0.2702702702702703  	22487.649357999995  	34615.87593400001   	0.6496339829988942  	0.0671315602020798  	0.027349437564856516
7763      	0.2687813021702838  	22540.110105999996  	34673.64752500001   	0.6500645797286939  	0.0669093082191673  	0.027250933389492603
7815      	0.26865671641791045 	22649.179672999995  	34818.30571400001   	0.6504963182023255  	0.06704526357566024 	0.027295940955318336
7866      	0.26897689768976896 	22702.006955999994  	34892.124351000006  	0.650634129571115   	0.06727477798153786 	0.027382704782613655
7960      	0.26666666666666666 	22809.257770999993  	35048.297881000006  	0.6507950214428272  	0.06685364106087746 	0.027195735828847472
8085      	0.2644230769230769  	22928.176952999995  	35254.45480800001   	0.6503625450420265  	0.06643932568472115 	0.027019073514209787
8232      	0.2610062893081761  	23028.722012999995  	35385.008830000006  	0.6508044726973717  	0.06574823123027088 	0.02672456123984902 
8297      	0.25972006220839816 	23150.127772999997  	35583.50993200001   	0.6505858420723484  	0.06557172515633053 	0.026642616340199227
8574      	0.25225225225225223 	23291.684557999997  	35733.941085000006  	0.6518084445988277  	0.06383937120342609 	0.025920257228673648
8782      	0.24743777452415813 	23364.471182999998  	35838.452342000004  	0.6519386205642194  	0.06276106262998984 	0.025463672596244862
8787      	0.24817518248175183 	23413.094073999997  	35905.846017        	0.6520691383490816  	0.0630851380096432  	0.02557567794292691 
8808      	0.24927113702623907 	23501.286765999997  	36037.760163000006  	0.6521295069311435  	0.06350815694129837 	0.025729641019676678
9255      	0.23529411764705882 	23557.193655999996  	36124.577431000005  	0.65210987453059    	0.06008095247009158 	0.024326722472970217
9297      	0.23537414965986395 	23724.091032999997  	36423.15761         	0.6513463573648687  	0.06022454012954612 	0.02437985572702242 
9361      	0.2354533152909337  	23813.808961999996  	36512.875539        	0.6522030546885872  	0.06038052801650286 	0.024434437336561397
9489      	0.23302263648468707 	23865.557213999997  	36575.405635        	0.6525028717976102  	0.05988661138926875 	0.02422276341567919 
9749      	0.2268041237113402  	23917.305465999998  	36627.153887        	0.6529938291079973  	0.05841982442833358 	0.023616177770200274
9773      	0.22692307692307692 	23963.857866        	36680.869652        	0.6533066989237368  	0.05856388127348593 	0.023666504306343043
9872      	0.22617534942820838 	24027.2489          	36761.205425        	0.6536034012546257  	0.05848651287188564 	0.023627061099417982
9994      	0.2245922208281054  	24115.073142999998  	36873.700225        	0.653991137202179   	0.05820437090785664 	0.02350319606986378 
10066     	0.22388059701492538 	24174.860224999997  	36951.450357        	0.6542330542221968  	0.05814013832690233 	0.023468658950514133
10359     	0.21912832929782083 	24227.320972999998  	37009.221948        	0.6546292977204634  	0.05702459418799063 	0.023005588303843857
10381     	0.21980676328502416 	24283.081047        	37071.424758        	0.6550350089190926  	0.0573173595495535  	0.02311160288231348 
10395     	0.22048192771084338 	24335.423486        	37133.483945        	0.6553498594972732  	0.05760952300215989 	0.023217736800335346
10488     	0.21957040572792363 	24379.725648        	37185.346976        	0.6556272196070956  	0.057483334975431226	0.02315586331852263 
10798     	0.21536670547147846 	24439.51273         	37281.060158        	0.6555476863164155  	0.056484809933787704	0.022743802614168935
10817     	0.21602787456445993 	24498.919549        	37394.995805        	0.6551389837493792  	0.05675753871294426 	0.022845951935187347
10822     	0.21693735498839908 	24536.170533999997  	37452.858684        	0.6551214352158903  	0.057091648219037845	0.022972077722200935
11214     	0.2100558659217877  	24599.010872999996  	37548.464602        	0.6551269441704346  	0.05537714981242103 	0.0222753669349318  
11233     	0.21070234113712374 	24642.831692999996  	37593.974762        	0.655499500891004   	0.05564944811082246 	0.022375781282705173
11254     	0.21134593993325917 	24696.241516        	37688.588996        	0.65527105614437    	0.0559157526015805  	0.022478193043542177
11435     	0.20715835140997832 	24762.521277        	37799.058356        	0.6551094750504372  	0.05490223913309463 	0.02206603223311476 
11535     	0.2064516129032258  	24856.977828        	37991.618487        	0.6542753064470148  	0.05480783704272453 	0.022023525947122227
11660     	0.2046659597030753  	24886.906323        	38023.344132        	0.6545165053500771  	0.05442878196650647 	0.0218653709125675  
11825     	0.20292887029288703 	24981.362874        	38166.852473        	0.654530338640639   	0.0540683368270538  	0.021716853368283537
11929     	0.2006172839506173  	25044.753908        	38247.188246        	0.6548129432918315  	0.05355189623491849 	0.02150247041600284 
12000     	0.199796126401631   	25074.682403        	38278.913891        	0.6550520862321402  	0.053427429143682544	0.02144518997326834 
12069     	0.19939271255060728 	25124.235827999997  	38367.388805999995  	0.6548330915882137  	0.053414986931697675	0.021435129799579084
12625     	0.18893129770992367 	25278.408196999997  	38656.611723999995  	0.6539219830615903  	0.05068817444328251 	0.020340290105159267
12648     	0.18970448045757865 	25335.999966999996  	38737.311034        	0.6540464294169107  	0.050968915936698465	0.020445646972098056
13044     	0.18587360594795538 	25404.260325999996  	38849.139426        	0.6539207998259559  	0.050014545790959486	0.020057911528989978
13355     	0.1830601092896175  	25445.747239999997  	38890.62634         	0.6542899828236605  	0.04933361732177273 	0.019779224519387455
13800     	0.1786030061892131  	25475.034266999995  	38919.913367        	0.6545501277657043  	0.048204492634170135	0.019320001714746276
13877     	0.17838312829525482 	25516.521180999996  	38973.473383000004  	0.6547150912171495  	0.048217725794979883	0.01931577123772047 
13955     	0.17801047120418848 	25552.428621999996  	39026.90545400001   	0.6547387840452268  	0.04818646315244592 	0.01929520791318331 
14321     	0.1746166950596252  	25589.679606999995  	39125.99212100001   	0.654032734246381   	0.047337465913080294	0.018949535262215742
14801     	0.16954732510288065 	25625.587047999994  	39196.94882200001   	0.6537648418597612  	0.04603015253664176 	0.01841997005483642 
14829     	0.16981132075471697 	25684.098423999993  	39294.07635100001   	0.6536379222805259  	0.04616799340854625 	0.01846989643481482 
14878     	0.16993464052287582 	25764.764677999992  	39438.37459100001   	0.6532917480802978  	0.04627528968891415 	0.018507636305995688
15384     	0.16547901821060965 	25823.27605399999   	39496.88596700001   	0.6538053677339414  	0.045132961227617   	0.018046519840164692
16331     	0.1580135440180587  	25895.50945899999   	39618.15113900001   	0.6536274085114617  	0.04316061360046546 	0.01725370727485388 
17250     	0.1497515968772179  	25982.04305499999   	39833.84027900001   	0.6522605622008646  	0.04096389429528055 	0.01637449359858722 
18180     	0.14334009465855307 	26099.070977999992  	40019.72843500001   	0.6521551244504337  	0.03926846514393912 	0.015694107209932476
18411     	0.142570281124498   	26155.30088999999   	40112.916203000015  	0.6520418699462158  	0.03910984247267696 	0.015628310664151032
19473     	0.1361323155216285  	26214.43494399999   	40175.681825000014  	0.6524950854147695  	0.03739937582699119 	0.014940276362613702
21236     	0.126694166175604   	26238.14385899999   	40199.39074000002   	0.6527000378861956  	0.034857714703138275	0.013919161899209146
23133     	0.11732753938077133 	26256.32435499999   	40224.856516000014  	0.6527387945947343  	0.03232735439257119 	0.012903802338648022
23216     	0.11748781808337845 	26274.87928199999   	40243.41144300001   	0.6528989054323892  	0.032417433634149895	0.01293488278921769 
24023     	0.11389759665621735 	26322.893513999992  	40291.42567500001   	0.6533125366753353  	0.03146777054238184 	0.012552990558661117
24054     	0.11412193850964043 	26430.13080699999   	40526.645614000015  	0.6521667511971345  	0.031575446893031794	0.012595612941867436
24186     	0.11410788381742738 	26521.80068199999   	40693.185785000016  	0.651750413991333   	0.03161513833897196 	0.012610315880206738
25029     	0.11077694235588972 	26722.74774799999   	41031.05443000002   	0.6512810386969131  	0.030735462004653016	0.012259464623823877
25241     	0.11055776892430279 	26842.60958099999   	41274.316005000015  	0.6503465636534896  	0.030715707636443552	0.012250964521568656
25827     	0.10893991206643869 	26867.58928499999   	41317.482162000015  	0.6502716980588499  	0.030307742565645664	0.012087599968967027
26153     	0.1082648622522958  	26886.144211999992  	41362.01596100001   	0.650020159494904   	0.03016163442604371 	0.012029087359634212
26363     	0.1079136690647482  	26933.53938099999   	41456.348176000014  	0.649684320159015   	0.030101768365889545	0.012003448136689255
26545     	0.10782442748091603 	26977.467073999993  	41501.68023100001   	0.6500331293538558  	0.03011797196511031 	0.012006849438995406
27040     	0.10657276995305165 	27018.819270999993  	41604.92092500001   	0.6494140277229714  	0.029806616074990636	0.011880127746653736
27641     	0.10506912442396313 	27094.419971999992  	41758.47424400001   	0.6488364448778442  	0.029423009645960632	0.01172691457317708 
27694     	0.10533578656853726 	27135.772168999993  	41841.08543900001   	0.6485436953723668  	0.029532818870657403	0.011770033397377139
27840     	0.10507080858839653 	27183.715365999993  	41948.13521200001   	0.6480315567931041  	0.029493013166864295	0.01175412926025658 
27960     	0.10490463215258855 	27195.558167999992  	41965.57344600001   	0.6480444787200248  	0.02948111584507062 	0.011749248399438236
28607     	0.10265486725663717 	27207.40096999999   	41978.81510600001   	0.6481221754663402  	0.02888319197372864 	0.011510651261730648
28968     	0.10165794066317627 	27288.08675699999   	42142.94559100001   	0.6475125640678424  	0.02863784677163273 	0.011412434430893126
29111     	0.10182767624020887 	27319.39767499999   	42206.07034200001   	0.6472859816995085  	0.028718893790945898	0.011443676631975102
29777     	0.10029876227059326 	27378.505798999988  	42306.11871600001   	0.6471523890619997  	0.02832106673528726 	0.011284817142010102
30051     	0.09978858350951374 	27444.567954999988  	42393.862017000014  	0.6473712620000194  	0.028211803131284387	0.011240487306474263
31254     	0.09641985353946297 	27506.949831999988  	42551.87505900001   	0.646433319186532   	0.027291003322163963	0.01087368514341783 
31285     	0.09670865501828525 	27582.39471799999   	42719.32562500001   	0.6456654995007305  	0.02740523763007727 	0.01091876600862413 
31571     	0.09621578099838969 	27612.40091299999   	42756.178410000015  	0.6458107796309006  	0.027299030287307433	0.010875686301137071
32041     	0.09516256938937351 	27669.23318399999   	42854.61130500001   	0.6456535794263921  	0.027033932231831228	0.010770626138633149
32208     	0.09506903353057199 	27737.46138299999   	42957.57783300001   	0.6456942588995805  	0.027042231432442353	0.010775211240814316
33186     	0.09247229652273596 	27767.467577999992  	42997.85391300001   	0.6457872905513721  	0.026335863765625266	0.010493802362330131
33255     	0.09260670731707317 	27840.69452499999   	43171.95247600001   	0.6448792081033881  	0.02640721774864001 	0.010523785274912042
33651     	0.09172932330827067 	27872.106550999993  	43217.26260200001   	0.6449299394013476  	0.02618873055093744 	0.010436764776711542
37486     	0.08387538514207463 	27915.725307999994  	43276.19479300001   	0.6450596093655491  	0.023973819398738782	0.00955209648057649 
38756     	0.08153795160755718 	27950.480693999994  	43337.87504700001   	0.6449434971993353  	0.023331106570244526	0.009294764430310881
40477     	0.07851239669421488 	27996.230335999993  	43416.19613300001   	0.6448337908331971  	0.022490455544583617	0.008958449083622477
42782     	0.07499244027819776 	28044.587872999993  	43505.68076300001   	0.6446189872484627  	0.021505812234684517	0.008565040269965804
43973     	0.07345132743362832 	28078.776911999994  	43542.31491700001   	0.6448618307392135  	0.021086789065030764	0.008396411707926814
46761     	0.06969612489545582 	28128.676058999994  	43617.56291200001   	0.644893345273568   	0.020030678029444554	0.007974427180580144
47305     	0.06924137931034482 	28192.806819999994  	43785.38120300001   	0.6438862936762174  	0.019921033886961956	0.007930769126819255
47333     	0.0694980694980695  	28266.312699999995  	43887.24539200001   	0.644066686061653   	0.0200171932220126  	0.007969255890157886
48823     	0.06771948608137045 	28820.603597999994  	44882.58525000001   	0.642133322701147   	0.01953751753001889 	0.007781752491800069
49195     	0.06746347941567066 	28901.812736999993  	44983.70731700001   	0.6424951268095587  	0.01949657712747602 	0.007767467121089351
49574     	0.06710526315789474 	28951.612064999994  	45069.665552000006  	0.6423746817379088  	0.019425238706865258	0.007741495093551954
49887     	0.0669106116048092  	29014.428107999993  	45147.90803700001   	0.6426527688552442  	0.019402385540741068	0.007734454689214359
50013     	0.06694451680125033 	29129.739708999994  	45318.968658000005  	0.6427714613019513  	0.019446382848494908	0.007754493469088391
50214     	0.06690871369294606 	29224.392619999995  	45429.867168000004  	0.6432858918985601  	0.019469612108940132	0.007765614015248328
50739     	0.06635921086343838 	29307.161541999994  	45534.943522        	0.6436191477395897  	0.01934251973613527 	0.007716903376563269
50840     	0.06641123882503193 	29356.960869999995  	45584.74285         	0.6440084781568531  	0.019391432737178544	0.007738089730034277
50980     	0.06642911682361924 	29421.541849999994  	45695.101133000004  	0.643866434705238   	0.019430445892444283	0.00775572019699704 
51397     	0.06616161616161616 	29497.372425999994  	45787.925761000006  	0.6442172676693834  	0.019384031218611708	0.007739062198114634
51517     	0.06636386575826395 	29564.069615999993  	45862.83294100001   	0.6446193512300588  	0.01947486774950493 	0.007777057556357798
51701     	0.06649874055415617 	29644.074088999994  	45951.956536000005  	0.6451101612131798  	0.019546206201028395	0.007807138819316104
