21        	1.0                 	123.203715          	163.757046          	0.7523567260733318  	0.004011722907639055	0.0036015419090323422
43        	1.0                 	349.522089          	432.122082          	0.8088503308655262  	0.008254554438940291	0.006565373308638467
65        	1.0                 	515.510075          	646.32088           	0.7976070260951496  	0.010806451257134022	0.00936533257494933 
86        	1.0                 	691.3987070000001   	840.776992          	0.8223330485713387  	0.01441411229298916 	0.011418747285165546
108       	1.0                 	933.947907          	1117.032587         	0.8360972794073017  	0.019392660901046306	0.01364088816170437 
130       	1.0                 	1052.974958         	1236.059638         	0.8518803831373063  	0.02406091827240046 	0.015253244977148231
152       	1.0                 	1163.537582         	1431.424632         	0.8128528432365274  	0.028374032132906485	0.016988106837637636
195       	0.8888888888888888  	1318.0629629999999  	1594.578059         	0.8265904297131683  	0.029504724728667595	0.016509319525540665
217       	0.9                 	1483.8874779999999  	1905.274921         	0.7788311606081335  	0.03482174753244126 	0.018813427645380874
282       	0.7692307692307693  	1655.7122659999998  	2101.687407         	0.7878013925788345  	0.03424466203965022 	0.017842599048363383
369       	0.6470588235294118  	1789.9340569999997  	2260.709335         	0.7917577148413021  	0.03233887206580485 	0.016414770352339774
413       	0.631578947368421   	1842.1184199999998  	2313.764154         	0.7961565213184645  	0.034728071999648835	0.017170490092549274
434       	0.65                	1963.9759489999997  	2458.2515359999998  	0.7989320540385904  	0.03911970809485592 	0.01882375012832731 
456       	0.6666666666666666  	2445.9509449999996  	3388.2504469999994  	0.7218920157350458  	0.04475809692835875 	0.021895889131348302
478       	0.6818181818181818  	2555.3654399999996  	3525.4990859999994  	0.7248237420192597  	0.05033170119904126 	0.024841392389000506
500       	0.6956521739130435  	2650.919216         	3709.5170499999995  	0.7146265080517692  	0.05534011061197868 	0.027538429015399896
521       	0.7083333333333334  	2746.844087         	3811.1263519999993  	0.7207433795939391  	0.060500754163192956	0.030033050708799563
543       	0.72                	2928.855618         	4087.1809949999993  	0.7165955267415312  	0.06593201658012378 	0.032578296185266344
630       	0.6551724137931034  	2986.134386         	4144.459762999999   	0.7205123361695913  	0.06337559742955    	0.031246779188610928
673       	0.6451612903225806  	3136.136793         	4306.717341999999   	0.7281965692096263  	0.06513768124827886 	0.03212799014739747 
739       	0.6176470588235294  	3319.467189         	4570.361747999999   	0.726302943186632   	0.0647326023553816  	0.03196780987262319 
847       	0.5641025641025641  	3475.354495         	4806.659521999999   	0.7230290556452691  	0.06129081596767975 	0.03034788505092531 
978       	0.5111111111111111  	3576.41318          	4917.061773999999   	0.7273476202619701  	0.05583413626581731 	0.027505286196930115
1040      	0.5106382978723404  	3662.10962          	5002.758213999999   	0.732018111479333   	0.05566300067751019 	0.02707474890926449 
1081      	0.5102040816326531  	3913.887221         	5378.558555999998   	0.727683296602563   	0.055546510732852585	0.026865995071968404
1122      	0.5098039215686274  	4152.413564         	5838.619082999998   	0.7111978885710092  	0.05569944243526267 	0.027047251850916727
1224      	0.48214285714285715 	4211.9815530000005  	5939.929884999998   	0.7090961736158612  	0.05272107991176404 	0.025697328803494953
1306      	0.4666666666666667  	4267.573754000001   	6017.977818999998   	0.7091375013923099  	0.05111306398191138 	0.025004082747903514
1367      	0.4603174603174603  	4349.784154000001   	6100.188218999998   	0.713057367713985   	0.05048707229469923 	0.024749259428198292
1510      	0.42857142857142855 	4495.918980000001   	6266.892502999998   	0.7174080260428559  	0.04713370180714406 	0.02312692371799856 
1755      	0.3780487804878049  	4559.404544000001   	6351.0816129999985  	0.7178941827274551  	0.04158557301052176 	0.020432624672861287
1795      	0.38095238095238093 	4611.906154000001   	6444.319647999999   	0.7156544687275578  	0.04172005698451059 	0.020575483320998348
1857      	0.3793103448275862  	4645.901915000001   	6478.315408999999   	0.7171466070555444  	0.041387928685661934	0.02047698063526912 
1938      	0.37362637362637363 	4761.088976000001   	6636.602060999999   	0.7173985922673513  	0.04058729779315381 	0.019988786844368316
1959      	0.3804347826086957  	4994.038203000001   	6918.286070999999   	0.7218606099470156  	0.041338462919010596	0.020269856733370905
2025      	0.3829787234042553  	5100.439579000001   	7024.687446999998   	0.7260735253321801  	0.04171239029376169 	0.020348465607353743
2075      	0.3854166666666667  	5330.682648000001   	7407.330337999998   	0.7196496449811771  	0.042038770829063064	0.02050296097594171 
2275      	0.36538461538461536 	5448.012122000001   	7619.404383999998   	0.7150181100034922  	0.03993692022529286 	0.019466797175381412
2300      	0.37142857142857144 	5545.875005000001   	7732.551350999997   	0.7172115325535848  	0.04072181505961501 	0.019833962882438626
2325      	0.37735849056603776 	5608.153888000001   	7837.2214209999975  	0.7155793599212134  	0.041361763039435916	0.02015172297535883 
2350      	0.38317757009345793 	5701.785100000001   	7930.852632999998   	0.718937214426993   	0.042068656503260714	0.020474163784555844
2425      	0.38181818181818183 	5775.620629000001   	8032.280885999998   	0.7190511276898593  	0.04185172825311806 	0.02031632310983874 
2450      	0.38738738738738737 	6022.615967000001   	8479.095536999997   	0.7102899054173026  	0.04251938023194844 	0.02066439284812758 
2600      	0.37606837606837606 	6102.986315000001   	8604.927585999998   	0.7092431928107573  	0.041239128946906595	0.020085126714374756
2625      	0.3813559322033898  	6174.354885000001   	8707.791520999997   	0.7090609450294857  	0.04181665702072543 	0.020419163659136017
2675      	0.38333333333333336 	6339.0615880000005  	8884.600657999998   	0.7134886340999573  	0.042157626725760546	0.020590721677105968
2725      	0.38524590163934425 	6492.882741         	9084.367397999997   	0.714731412385354   	0.0424566213647182  	0.020666843252994057
2750      	0.3902439024390244  	6961.407630000001   	9703.033369999997   	0.7174465308470852  	0.0433365571732717  	0.021037283220043446
2800      	0.392               	7036.783950000001   	9811.685279999998   	0.717184025902633   	0.04380476565313471 	0.021238658313334876
2875      	0.390625            	7084.985199000001   	9867.339599999998   	0.7180238530555898  	0.04378531329164233 	0.021166750187858064
2900      	0.3953488372093023  	7300.756134000001   	10220.391293999997  	0.7143323502971943  	0.04455077199542089 	0.02151537540042672 
2975      	0.3939393939393939  	7352.981610000001   	10272.616769999997  	0.7157846705109786  	0.04449950468860616 	0.021513081045511126
3111      	0.3897058823529412  	7392.146986000001   	10311.782145999998  	0.7168641541624751  	0.04402200565152898 	0.021291683680544828
3194      	0.38848920863309355 	7410.929770000001   	10330.564929999999  	0.7173789449286199  	0.04389086876207342 	0.02123636504472673 
3277      	0.3873239436619718  	7531.293412000001   	10514.771483999999  	0.7162584011892351  	0.04380203247090523 	0.021197257977601202
3305      	0.3916083916083916  	7633.937100000001   	10648.368029        	0.7169114627903139  	0.044360347184544416	0.02148122632265318 
3388      	0.3904109589041096  	7686.911818000001   	10707.420121        	0.7179051285121422  	0.04423158290194922 	0.021422355890130418
3416      	0.3945578231292517  	7990.265464000001   	11092.422287        	0.7203354918577489  	0.044814001698663335	0.021736775846442326
3500      	0.3933333333333333  	8051.961701000001   	11154.118524        	0.72188238664264    	0.04477218995153492 	0.021752504155784076
3666      	0.38461538461538464 	8090.148287000001   	11225.165672        	0.7207152681211672  	0.043767944110179764	0.021297998938580302
3722      	0.3860759493670886  	8273.055763         	11450.943680999999  	0.7224780763464137  	0.0438792824087371  	0.021356238101342555
3777      	0.3875              	8320.439115000001   	11500.938866999999  	0.7234573812816356  	0.043726924475021266	0.021289562683807627
3805      	0.391304347826087   	8563.165342         	11867.895145999999  	0.7215403604982272  	0.04395333184142683 	0.021411727823767476
3833      	0.3950617283950617  	8648.06621          	11977.372846999999  	0.7220336479853429  	0.04415488254059348 	0.021529444363538514
3861      	0.3987730061349693  	8790.972168         	12145.261446999999  	0.7238190965556742  	0.044390823606721024	0.021663363968015333
3888      	0.4024390243902439  	9235.807413         	12993.261233        	0.7108151869942474  	0.04480644042186887 	0.02196151049831992 
3972      	0.40119760479041916 	9465.729654         	13246.216332999998  	0.7145987515256144  	0.044768871718943705	0.022004509510111233
4097      	0.39766081871345027 	9518.031819         	13304.086021        	0.7154216985650983  	0.04448455989381058 	0.021915462112652953
4243      	0.3898305084745763  	9556.724286         	13366.231092999999  	0.7149902032596858  	0.04369577525103313 	0.0215833737594935  
4365      	0.38461538461538464 	9785.775214000001   	13625.953265999999  	0.7181717875414884  	0.0429313426301741  	0.021189587312060762
4390      	0.3879781420765027  	9918.569459         	13784.085899999998  	0.7195667185300987  	0.04317630110021718 	0.021286212354865722
4414      	0.391304347826087   	10118.818639000001  	14092.367705999999  	0.7180353827051922  	0.0434992357219434  	0.021420914744903236
4487      	0.39037433155080214 	10501.147271000002  	14773.755475999998  	0.7107974196580646  	0.043487269275294664	0.021428363603558015
4560      	0.3894736842105263  	10700.382984000002  	15046.207215999999  	0.7111681256537071  	0.043463380933121985	0.02144237106603801 
4658      	0.3865979381443299  	10823.925467000001  	15169.749698999998  	0.7135203732276164  	0.04326298912275963 	0.021359137030439113
4682      	0.38974358974358975 	11102.877804000002  	15618.215643999998  	0.7108928482662717  	0.04379526926133506 	0.021670344224649668
4780      	0.3869346733668342  	11397.23247         	16005.814397999999  	0.712068263856923   	0.04371142142929708 	0.021649927175701605
4829      	0.3880597014925373  	11669.051977000001  	16351.016597999998  	0.7136591114724524  	0.04413491233006191 	0.021852655489834165
4878      	0.3891625615763547  	11749.504900000002  	16468.183191        	0.7134669783380357  	0.044602408125992636	0.02206173754643123 
5025      	0.38461538461538464 	11799.701776000002  	16527.575062        	0.7139402926161704  	0.044304731816107897	0.021858761875336034
5076      	0.38571428571428573 	11892.985100000002  	16647.982941        	0.714379942732307   	0.04458665255073532 	0.021968236039970675
5153      	0.38497652582159625 	11964.94654         	16754.940433        	0.7141145376103052  	0.044500040306530673	0.021873690265439658
5179      	0.3878504672897196  	12198.779762        	17185.096354        	0.7098464571111126  	0.04489274814451743 	0.02206207478607181 
5230      	0.3888888888888889  	12260.724869        	17258.043767000003  	0.7104353792661231  	0.044939069548316404	0.02210303655639019 
5333      	0.38636363636363635 	12420.99294         	17431.662778        	0.7125535353790905  	0.04455300879641572 	0.021922134655938764
5358      	0.3891402714932127  	12515.790886        	17533.165177000003  	0.7138352236832975  	0.044827850038557805	0.0220464584498133  
5410      	0.3901345291479821  	12585.748090000001  	17603.122381        	0.7149724814493409  	0.04481055179798084 	0.022049517599439315
5435      	0.39285714285714285 	12849.486612        	18015.690691        	0.7132386336105975  	0.04503313018057352 	0.02217638859719762 
5461      	0.39555555555555555 	12922.2898          	18137.100145        	0.7124782736319837  	0.04527289006025406 	0.02231797397875646 
5487      	0.39823008849557523 	13044.166397        	18307.710947        	0.7124957584682365  	0.0455417001054088  	0.022477220822069603
5589      	0.39565217391304347 	13172.375906000001  	18435.920456        	0.7144951583750748  	0.04519731177327135 	0.022335475325025955
5615      	0.39826839826839827 	13348.411229000001  	18666.923207        	0.7150836311360844  	0.04550473270896229 	0.022514032231019863
5641      	0.40086206896551724 	13404.042845000002  	18722.554823        	0.7159302227564375  	0.0457621547560852  	0.02264348363051857 
5666      	0.4034334763948498  	13551.426803000002  	18869.938780999997  	0.718148954285153   	0.045965705619507954	0.022750780326495888
5692      	0.405982905982906   	13645.460717000002  	18963.972694999997  	0.7195465283810357  	0.04620560391688175 	0.022865537812215873
6043      	0.38866396761133604 	13693.249120000002  	19017.574055999998  	0.7200313289002188  	0.044182487908845505	0.021855396223411604
6086      	0.3895582329317269  	13855.959469000003  	19185.242244999998  	0.7222196776072037  	0.04419869443138752 	0.021845912633768526
6326      	0.3769230769230769  	13895.111127000004  	19239.984600999996  	0.7221997010474638  	0.042635776839722334	0.0210631791601274  
6456      	0.37218045112781956 	14143.148818000003  	19729.884252999997  	0.7168389148481441  	0.04196629062352261 	0.020757670808231505
6543      	0.37037037037037035 	14262.968164000004  	19884.867714999997  	0.7172774980665747  	0.041650889940082134	0.020633201157235985
6608      	0.36996336996337    	14365.900182000003  	19992.818497999997  	0.7185530235988044  	0.04148065958433253 	0.020587828681913525
6652      	0.3709090909090909  	14469.314680000003  	20096.232995999995  	0.7200013396978435  	0.04142016240820586 	0.02059352215700541 
6673      	0.37318840579710144 	14680.428296000004  	20438.623826999996  	0.7182689216387821  	0.04154328862569974 	0.020710928917249814
6695      	0.37545126353790614 	14741.187318000004  	20529.713922999996  	0.718041535955601   	0.04168286343758273 	0.020832820980830467
6739      	0.3763440860215054  	14848.438133000003  	20659.231514999996  	0.7187313875745589  	0.04169716994506673 	0.02088538349584631 
6869      	0.3719298245614035  	15015.571279000003  	20921.797767999997  	0.717699857608145   	0.041099774870357285	0.020607506893649586
6934      	0.3715277777777778  	15301.957022000004  	21283.388160999995  	0.7189624558950414  	0.04100626780793878 	0.020580240065939306
7157      	0.36486486486486486 	15411.026589000005  	21392.457727999994  	0.7203953274068617  	0.04021038077559627 	0.020205257336305217
7210      	0.36577181208053694 	15511.571649000005  	21493.002787999994  	0.7217033283809208  	0.04025414143472142 	0.020247893610646616
7236      	0.36789297658862874 	15564.398932000006  	21549.784960999994  	0.722253097196463   	0.04043903660607663 	0.020361416776976615
7447      	0.36156351791530944 	15723.786764000006  	21745.309323999994  	0.7230886684442738  	0.03964469038187776 	0.01996962213203928 
7500      	0.36245954692556637 	15856.109178000006  	21877.631737999993  	0.7247635104150235  	0.03963233820854772 	0.019951895763086522
7526      	0.36451612903225805 	16015.430828000006  	22122.22029299999   	0.7239522351681706  	0.03977492989026663 	0.020016562133761736
7552      	0.3665594855305466  	16096.847709000005  	22243.185350999993  	0.723675474307745   	0.039935694638365604	0.02009011460437809 
7631      	0.3662420382165605  	16192.434959000006  	22421.78428699999   	0.7221742369713313  	0.03982207171879094 	0.020008569951787118
7657      	0.3682539682539683  	16504.497098000007  	22903.79708199999   	0.7206009134167028  	0.04002360819922008 	0.020097808242964563
7842      	0.36335403726708076 	16707.076118000008  	23141.65265599999   	0.721948270780407   	0.03945233413886344 	0.01980744763200289 
7894      	0.36419753086419754 	16845.22221700001   	23316.17591899999   	0.7224693395486478  	0.039503220859375174	0.019830652432806104
7921      	0.36615384615384616 	17015.98262000001   	23574.80225599999   	0.7217868652819471  	0.03969344061374725 	0.019924144260689537
8063      	0.36363636363636365 	17087.92153100001   	23680.882876999993  	0.7215914043304786  	0.039295773547037595	0.019716129642846615
8085      	0.36555891238670696 	17206.840713000012  	23799.802058999994  	0.7229825134824251  	0.03939760523568752 	0.019754024882840428
8106      	0.3674698795180723  	17363.480278000014  	24010.403926999996  	0.7231648551515856  	0.039470459315026844	0.019796702131642793
8127      	0.36936936936936937 	17410.032678000014  	24056.956326999996  	0.7237005563525966  	0.03954949604843466 	0.01984101578540939 
8148      	0.3712574850299401  	17548.130725000014  	24234.177087999997  	0.7241067299821498  	0.03966500007174384 	0.01989566053620574 
8191      	0.37202380952380953 	17620.917350000014  	24370.412976999996  	0.7230454964645066  	0.039674289996644053	0.019899801220951134
8212      	0.37388724035608306 	17670.408503000013  	24426.658721999996  	0.7234066969251537  	0.039817117055037   	0.019964845935147475
8234      	0.3757396449704142  	17945.498088000015  	24890.478793999995  	0.7209784205648101  	0.03999300657253696 	0.020072055520640675
8255      	0.3775811209439528  	18154.428125000013  	25171.478869999995  	0.7212300961242655  	0.040194892025024145	0.020173149370112817
8382      	0.3739130434782609  	18404.08696100001   	25463.716101999995  	0.72275731033439    	0.039885086259074436	0.019996558878355875
8510      	0.37037037037037035 	18472.567748000012  	25532.196888999995  	0.7235009125265882  	0.03953365665046485 	0.019802110897928576
8574      	0.3700564971751412  	18614.124533000013  	25726.189173999996  	0.723547681590255   	0.039563702803694326	0.019791728918719893
8595      	0.37183098591549296 	18845.622748000013  	26100.463169999995  	0.7220416980822496  	0.03986793179632729 	0.019922208955471896
8638      	0.37254901960784315 	19124.366945000012  	26428.885795999995  	0.7236160878145866  	0.0400658785104829  	0.01999605877077519 
8765      	0.3691460055096419  	19255.061870000012  	26639.332340999994  	0.7228057228883692  	0.03982871679633907 	0.019855363764005107
8787      	0.3708791208791209  	19303.68476100001   	26706.726015999993  	0.7228023663190755  	0.04013740721207838 	0.019985191923281503
8808      	0.3726027397260274  	19391.877453000012  	26863.49365699999   	0.7218672932344727  	0.040456954079384995	0.020124518634307045
8829      	0.3743169398907104  	19520.92967900001   	27005.50868599999   	0.7228499157699598  	0.040824169054252936	0.020267148744496616
8914      	0.372972972972973   	19573.27211800001   	27057.85112499999   	0.7233860526313328  	0.040814684692149154	0.02021619899053711 
8936      	0.3746630727762803  	19629.17900800001   	27144.66839299999   	0.7231320244480106  	0.04114165907847469 	0.020334054449270583
8957      	0.3763440860215054  	19945.28224300001   	27602.72488699999   	0.7225838146288813  	0.041519978358205235	0.020485780157771027
9063      	0.375               	20039.88764400001   	27795.68088199999   	0.7209712807207216  	0.04157522019078712 	0.020487648798000028
9276      	0.36787564766839376 	20190.80094400001   	27967.31803999999   	0.721942694509438   	0.040874844903824016	0.02013777497284818 
9319      	0.36855670103092786 	20292.43115900001   	28101.30683099999   	0.7221169919618966  	0.0410483732266683  	0.02022132079248719 
9361      	0.36923076923076925 	20382.14908800001   	28220.37083299999   	0.7222495129002976  	0.04122860234950315 	0.02029666430690485 
9425      	0.36895674300254455 	20519.47315200001   	28369.62684499999   	0.7232902027266696  	0.04130340053124462 	0.02031699902472618 
9446      	0.37055837563451777 	20596.74323100001   	28446.896923999993  	0.7240418273398043  	0.041585862656937984	0.020438802759123166
9531      	0.3693467336683417  	20656.15005000001   	28506.303742999993  	0.7246169210931928  	0.04150179303535148 	0.020371971940848374
9553      	0.37092731829573933 	20894.45572300001   	28773.91054499999   	0.7261597512205659  	0.041707525423492375	0.020447469476527085
9574      	0.3725              	21002.40455000001   	28905.55603599999   	0.726587114388766   	0.04191955157562115 	0.0205302629650949  
9744      	0.36764705882352944 	21170.230982000012  	29108.73449599999   	0.7272810497793761  	0.04140725950328807 	0.020263121241548925
9829      	0.36650485436893204 	21359.95895800001   	29337.24555199999   	0.7280833137568994  	0.041266016446748634	0.020163895285290487
9957      	0.36363636363636365 	21921.42259900001   	30468.65061399999   	0.7194746783084437  	0.04099598823310676 	0.020067811110278083
10022     	0.36428571428571427 	22040.838969000008  	30620.866283999992  	0.7197980215379074  	0.04113185920167983 	0.020174125388976793
10066     	0.36492890995260663 	22100.626051000007  	30680.65336599999   	0.7203440483275924  	0.04125336106369649 	0.02027167245699428 
10133     	0.36470588235294116 	22181.586923000006  	30774.079425999993  	0.7207879922562208  	0.041299694568992885	0.020322120212397612
10400     	0.35697940503432496 	22318.271380000006  	31005.100152999992  	0.7198258115557331  	0.04044547753051936 	0.019937034203283948
10444     	0.357630979498861   	22431.548766000007  	31118.377538999994  	0.720845704050188   	0.04052922334243609 	0.020013538080790576
10466     	0.35909090909090907 	22505.661807000008  	31225.628839999994  	0.7207432690088944  	0.04071798220745457 	0.02013867375372224 
10511     	0.3597285067873303  	22613.23665700001   	31400.715275999995  	0.7201503678574998  	0.04082614689365349 	0.020230814169120273
10755     	0.35320088300220753 	22710.704223000008  	31531.442102999994  	0.7202558052630027  	0.04007055790833128 	0.01991122387357262 
10777     	0.35462555066079293 	22849.030898000008  	31701.589093999995  	0.7207534874750027  	0.04022912803954974 	0.020045281089039056
10822     	0.35526315789473684 	22886.281883000007  	31759.451972999996  	0.7206132493235893  	0.04028564591040982 	0.020134191061482804
10888     	0.355119825708061   	23119.965721000008  	32021.500025999994  	0.7220138251558376  	0.040286257512553034	0.02018790440769846 
10911     	0.3565217391304348  	23216.605655000007  	32118.139959999993  	0.7228502548377341  	0.04047286611710685 	0.020329419344756683
10955     	0.35714285714285715 	23468.55974100001   	32551.265215999993  	0.7209722751257133  	0.0406114974477726  	0.020459280510601197
11053     	0.3562231759656652  	23495.684149000008  	32600.838402999994  	0.7207079725544079  	0.04057485266792114 	0.020502940780058064
11089     	0.35683760683760685 	23625.82122000001   	32778.64115699999   	0.7207687807081238  	0.0407255534344771  	0.020642353407003877
11250     	0.3522012578616352  	23773.229443000007  	32951.397784999994  	0.7214634595507801  	0.04027976137953004 	0.020478769677380687
11303     	0.35208333333333336 	23873.647437000007  	33092.42537499999   	0.7214233216957133  	0.04035309311612434 	0.0205653115629217  
11357     	0.35196687370600416 	24170.818568000006  	33446.85598099999   	0.7226633971734329  	0.04047608163562705 	0.02065935287897523 
11392     	0.3525773195876289  	24328.483330000006  	33721.418792        	0.7214549150515472  	0.04063274253083401 	0.02079647076705209 
11517     	0.34959349593495936 	24538.892580000007  	33938.340411        	0.7230433864128056  	0.040415245810406265	0.02072742773241763 
11589     	0.3487903225806452  	24660.153710000006  	34094.112129999994  	0.7232965509109449  	0.04046922367833031 	0.020792121100113373
11642     	0.3486973947895792  	24767.383415000008  	34201.34183499999   	0.7241640849790949  	0.04062645833662412 	0.020900820970970242
11821     	0.343811394891945   	24929.76640400001   	34375.71990199999   	0.7252143802390474  	0.04017625179073519 	0.02064065315729075 
11928     	0.341747572815534   	25121.42550600001   	34610.33476499999   	0.7258359584376015  	0.03999705055082904 	0.020531210124636417
12027     	0.34104046242774566 	25222.75787600001   	34738.01639199999   	0.7260851509589563  	0.03996153828584184 	0.020480332544828037
12054     	0.3423076923076923  	25475.11832700001   	35212.83677899999   	0.7234611197866541  	0.04018830770624605 	0.020577480480202658
12081     	0.3435700575815739  	25709.92125800001   	35626.17044199999   	0.7216582904933945  	0.0404153699134806  	0.020672110812621845
12135     	0.3441682600382409  	25812.701193000008  	35766.37081799999   	0.7217031139208947  	0.04053194277964574 	0.020720602957692943
12162     	0.34541984732824427 	25932.556985000007  	35897.741125999986  	0.7224008021556988  	0.040706232913957766	0.02079887642646953 
12216     	0.34600760456273766 	26077.497267000006  	36042.68140799999   	0.7235171260374617  	0.04080118999644682 	0.020833970385225574
12270     	0.3465909090909091  	26139.721220000007  	36104.90536099999   	0.7239936224354645  	0.04089902657848497 	0.020870896349239415
12351     	0.3465160075329567  	26243.343338000006  	36274.12670199999   	0.7234727814013251  	0.04089485534962521 	0.020851548800012165
12405     	0.34709193245778613 	26471.667524000008  	36684.917185999984  	0.7215954009050443  	0.041004681128221934	0.02089307952194839 
12513     	0.3463687150837989  	26552.355452000007  	36769.105178999984  	0.7221376566750096  	0.04090934902009773 	0.020838627530753828
12594     	0.34629629629629627 	26649.75989000001   	36871.77298099999   	0.7227686041496464  	0.04088175858537745 	0.020818120299119888
12648     	0.34686346863468637 	26707.351660000008  	36952.47229099999   	0.7227487094687506  	0.040922727075782456	0.020831656541233395
12702     	0.3474264705882353  	26843.38834100001   	37174.38995799999   	0.7220935803204288  	0.040983155316370486	0.020856584487408576
12891     	0.3448275862068966  	27045.771374000007  	37422.756561999995  	0.7227092245113488  	0.040652312706073564	0.020690211584569407
12918     	0.34601449275362317 	27308.264194000007  	37799.834396        	0.7224440167624063  	0.04077098450515239 	0.02076800147531129 
13111     	0.3434704830053667  	27589.936303000006  	38272.106566999995  	0.720888886915604   	0.040444831812979934	0.020628883697931186
13155     	0.34402852049910876 	27676.902618000007  	38383.12835099999   	0.7210694856579856  	0.04046611401502481 	0.020671098681022328
13333     	0.3409490333919156  	27854.015606000008  	38654.071808999994  	0.7205971920276362  	0.0400690097622377  	0.020496370767037198
13355     	0.34210526315789475 	27895.50252000001   	38719.70492699999   	0.7204471876165549  	0.04017587245931728 	0.020579042913644256
13666     	0.3356164383561644  	28037.873786000007  	38907.81748199999   	0.7206231446667815  	0.03936730152494018 	0.02020474880600594 
13733     	0.33560477001703576 	28117.923644000006  	39009.30231999999   	0.7208004750596118  	0.03932301348359341 	0.020219721294749762
13800     	0.33559322033898303 	28147.210671000004  	39038.58934699999   	0.7210099325262388  	0.03928207337703709 	0.020234889602446637
13933     	0.3338926174496644  	28295.267762000003  	39200.26302899999   	0.7218132118416509  	0.039052811380276435	0.020147438317029327
13977     	0.33444816053511706 	28592.534334000004  	39519.933394999985  	0.7234965213179609  	0.03912158450626165 	0.02020886444286149 
14073     	0.33444259567387685 	29309.489566000004  	40773.408909999984  	0.7188383397300792  	0.03916484630204153 	0.020276192173365945
14243     	0.33223684210526316 	29476.274587000004  	40950.64864499999   	0.7197999436475108  	0.03895275415733537 	0.020207871582506653
14390     	0.3306188925081433  	29663.717659        	41141.102580999985  	0.7210238860418745  	0.038690059187822326	0.020064719021960376
14414     	0.33170731707317075 	29710.198392000002  	41195.569997999984  	0.7211988666121724  	0.038752339209551886	0.020086956129613365
14439     	0.3327922077922078  	29899.399633        	41464.95620299999   	0.7210763587117157  	0.03883945769544825 	0.020120988497779914
14463     	0.3338735818476499  	29985.212170000003  	41568.014374999984  	0.7213530071341064  	0.03893889999577704 	0.020157547636659258
14512     	0.3344103392568659  	30079.764815000002  	41697.43667399998   	0.7213816295272639  	0.03898852229291433 	0.02016526289632241 
14536     	0.33548387096774196 	30148.653742000002  	41808.72273299998   	0.7211091794058423  	0.03908984539895711 	0.020194601126184285
14585     	0.3360128617363344  	30303.395870000004  	41978.01444699998   	0.7218873086115125  	0.03914930964131138 	0.02019425984655698 
14634     	0.33653846153846156 	30417.848847000005  	42092.46742399998   	0.7226435205282495  	0.0392258502090857  	0.02019671282355837 
14780     	0.3349206349206349  	30551.122970000004  	42248.56870499998   	0.7231279995145581  	0.03902669394357643 	0.02006504742765919 
14804     	0.3359746434231379  	30840.510905000003  	42573.48816199999   	0.724406484797444   	0.039168957354999624	0.020105761543387973
14829     	0.3370253164556962  	30899.022281        	42670.615690999985  	0.7241288127819813  	0.039295570670572516	0.020142121673999872
14878     	0.33753943217665616 	30979.688535        	42763.97324599999   	0.7244342885725135  	0.039355676799189346	0.02014562921810398 
14902     	0.33858267716535434 	31079.239519000002  	42863.52422999999   	0.7250742928237287  	0.03949904076105362 	0.02018230494061848 
14926     	0.33962264150943394 	31123.040020000004  	42907.324730999986  	0.7253549414958983  	0.03964227483243024 	0.02021940790749211 
14951     	0.34065934065934067 	31259.740988000005  	43118.611676999986  	0.7249709527330247  	0.039803941836992394	0.02026421215082837 
15031     	0.3411580594679186  	31524.644104000006  	43470.74172999999   	0.7251922292884239  	0.039878022501628765	0.02027096511052024 
15218     	0.3395348837209302  	31625.419714000007  	43670.048787999986  	0.7241901621756442  	0.03971632927677262 	0.02016148931783429 
15281     	0.3400309119010819  	31729.244132000007  	43794.910523999984  	0.7244961515473838  	0.03975819346178587 	0.020163784243242226
15312     	0.3410493827160494  	31832.834904000007  	43898.50129599999   	0.7251462798093429  	0.03987167490519867 	0.020198522828659797
15343     	0.3420647149460709  	32077.193018000005  	44169.20564899999   	0.7262343197409584  	0.04000338064966647 	0.020234171858727557
15375     	0.34307692307692306 	32186.331051000005  	44319.29288799999   	0.7262374680105707  	0.04014512627839229 	0.02027409475760168 
15406     	0.34408602150537637 	32373.155196000003  	44568.21511499999   	0.7263731588188375  	0.04028390188705798 	0.020317928727623766
15468     	0.3445635528330781  	32573.433504000004  	44768.49342299999   	0.7275972679318548  	0.040354170718172225	0.020331788548659874
15656     	0.34294385432473445 	32686.129720000004  	44900.72620099999   	0.7279643891209948  	0.04014844686028794 	0.020200394712138667
15687     	0.34393939393939393 	32880.96999400001   	45182.28017799999   	0.7277403854887851  	0.04026548634539313 	0.020238773326618845
15718     	0.34493192133131617 	33344.31929000001   	46067.33033299999   	0.7238170531908173  	0.040421563550035934	0.0203281465773027  
15781     	0.3453996983408748  	33459.20869000001   	46189.55207099999   	0.724389113766862   	0.04051896618886184 	0.020386993316802948
15906     	0.3448275862068966  	33687.455207000006  	46491.93746999999   	0.7245870368112239  	0.04049089180690963 	0.02039074747997951 
16111     	0.3427299703264095  	33827.602576000005  	46656.46618099999   	0.7250356776865302  	0.040277998763828024	0.020293516571694915
16222     	0.34167893961708395 	34010.51467900001   	46853.82103799999   	0.7258856145674087  	0.040181706863770435	0.020260021777836392
16333     	0.3406432748538012  	34105.494790000004  	46948.801148999984  	0.7264401636531768  	0.0400749708681199  	0.02022598802012055 
16466     	0.3391304347826087  	34166.967423        	47010.27378199998   	0.7267978821276803  	0.0398963433530701  	0.02016312712257284 
16488     	0.34008683068017365 	34242.811785000005  	47125.41064699998   	0.7266315839983012  	0.04001659603061234 	0.020250954951262445
16533     	0.34054834054834054 	34359.962121000004  	47247.646256999986  	0.7272311923032441  	0.04007077187890842 	0.02029734513999498 
16644     	0.33954154727793695 	34722.244946000006  	47880.549859999985  	0.7251847576422135  	0.03992668347871574 	0.02027025827858304 
16711     	0.33951497860199714 	34876.44831100001   	48064.32135999999   	0.7256203213559742  	0.03985528961377362 	0.02025544535701428 
16755     	0.3399715504978663  	34943.478134000005  	48173.184120999984  	0.7253719838454109  	0.0398495973850217  	0.020273956333082273
17250     	0.33195020746887965 	35030.011730000006  	48302.76956499998   	0.7252174574143391  	0.038794529027250266	0.01974800555523636 
17275     	0.3328729281767956  	35187.12814000001   	48513.99234199998   	0.7252985466944859  	0.03879902972947935 	0.01976267114260736 
17350     	0.3328748280605227  	35508.95167600001   	48867.793757999985  	0.7266330019285341  	0.0387188380612722  	0.0197323905535207  
17425     	0.33287671232876714 	35674.30496000001   	49079.484998999986  	0.726867956351353   	0.038631009057652724	0.019694169662174504
17475     	0.3333333333333333  	35764.00157200001   	49169.181610999985  	0.7273662159957324  	0.03860379925924475 	0.019684294149183948
17525     	0.3337874659400545  	35911.34379500001   	49348.360234999986  	0.7277109841945697  	0.038589921241353665	0.019676985302960547
17575     	0.3342391304347826  	36066.334587000005  	49554.97507399999   	0.7278045147463494  	0.03859449239603599 	0.019675004099202677
17700     	0.3333333333333333  	36347.568983000005  	49899.46772999999   	0.7284159658710655  	0.03844039597777161 	0.019594000400398735
17850     	0.3319946452476573  	36639.060971000006  	50202.126569999986  	0.729830855270879   	0.038239733336999544	0.01948682207878023 
17925     	0.332               	36862.423503000005  	50568.303941999984  	0.7289630189155617  	0.038222393420884467	0.019473414008389013
17975     	0.3324468085106383  	37032.290871000005  	50923.763455999986  	0.7272104093994796  	0.03825641168082015 	0.01949497356314533 
18117     	0.33201058201058203 	37090.915195        	50992.77517499999   	0.7273758893825494  	0.03819575926065199 	0.019465739836335046
18411     	0.3289817232375979  	37147.145107000004  	51049.00508699999   	0.7276761818118136  	0.0378049448415865  	0.01927123690307563 
18500     	0.328998699609883   	37228.793611        	51224.13329099999   	0.7267823039485384  	0.037776424714678805	0.019263702914378848
18588     	0.3290155440414508  	37258.789933        	51260.34080399999   	0.7268541205268887  	0.03775264378561511 	0.019256833049355774
18617     	0.3298835705045278  	37476.304891        	51508.67514399999   	0.7275726814217127  	0.03782519362807578 	0.019296171441493915
18705     	0.32989690721649484 	37533.574975999996  	51566.80646299999   	0.7278630877196348  	0.03780728353027753 	0.01928565379996155 
18735     	0.3307593307593308  	37797.114847        	51922.839823999995  	0.7279477581565031  	0.037867076337471856	0.019315837175718616
18882     	0.329923273657289   	37845.818398999996  	51971.543375999994  	0.7282027036448732  	0.037724578562216504	0.01923945070803161 
18941     	0.33035714285714285 	37973.195231        	52128.08285299999   	0.7284594627829215  	0.03774019504983171 	0.019241871892379688
19026     	0.33078880407124683 	38127.143421        	52349.709683999994  	0.7283162342474855  	0.03775141055306448 	0.019244990796008624
19052     	0.33163913595933925 	38402.532099000004  	52829.601361999994  	0.7269131530230079  	0.037837631455369086	0.019287151761435882
19263     	0.32955974842767294 	38533.800281        	52975.12422599999   	0.7273942410518739  	0.037576030602604824	0.019153170284208803
19289     	0.33040201005025127 	38626.139908000005  	53076.626120999994  	0.7277429394239022  	0.03765871157153585 	0.019190277251073605
19473     	0.3287671232876712  	38685.27396200001   	53137.575958999994  	0.728021052218281   	0.0374648807865324  	0.019083350351313873
19578     	0.32837670384138784 	38764.81172900001   	53231.635654        	0.7282288295811007  	0.037390653031601356	0.019032667100638133
19605     	0.3292079207920792  	38886.29231600001   	53374.784038        	0.7285517499858181  	0.03746797140581509 	0.01905621061600857 
19631     	0.3300370828182942  	39091.38381100001   	53658.112021        	0.7285270081008616  	0.03754831517932894 	0.019085486917887473
19657     	0.3308641975308642  	39362.103483000006  	53977.277648        	0.7292346927848161  	0.037655706539297375	0.019123329204007142
19710     	0.3312807881773399  	39527.12208200001   	54149.046638        	0.7299689382575609  	0.03770457915145237 	0.019137517076868924
19815     	0.33088235294117646 	39638.96832400001   	54274.803989        	0.7303383045295517  	0.037660938239143196	0.019097729403212155
20108     	0.3280871670702179  	39705.33129400001   	54341.166959        	0.730667623018795   	0.037316882257187475	0.018905948013747405
20162     	0.3285024154589372  	39788.75446300001   	54424.590128        	0.7310804614131537  	0.037334350911467175	0.018895948083063226
20189     	0.3293124246079614  	40034.33721100001   	54725.800193        	0.7315441175791308  	0.03741674926305149 	0.018915930378956187
20243     	0.3297232250300842  	40120.15150700001   	54811.614489        	0.7319644181444722  	0.037460123913664975	0.018916637033594804
20270     	0.33052884615384615 	40216.27917000001   	54947.013081        	0.7319101970240909  	0.03754260055260154 	0.01893545658208644 
20351     	0.33053892215568864 	40414.14013300001   	55157.118662        	0.7327094147295073  	0.037549514387955944	0.01891282918893234 
20378     	0.33133971291866027 	40610.02074800001   	55401.712463        	0.7330102074935207  	0.037650316408273606	0.018937296909846486
20459     	0.33134684147794996 	40751.79458700001   	55582.498705000005  	0.7331767289428124  	0.03765006267332968 	0.018916033858953137
20486     	0.33214285714285713 	40933.076575000014  	55892.72001800001   	0.7323507705800987  	0.03772403830687686 	0.018942641478642972
20621     	0.33136094674556216 	41143.272954000015  	56206.68161300001   	0.7319996799897187  	0.0376305326848971  	0.018886972123240375
20648     	0.3321513002364066  	41240.57665700001   	56303.985316000006  	0.7324628341234062  	0.03771594065163306 	0.01892120379828196 
20702     	0.33254716981132076 	41376.54985900001   	56489.932572000005  	0.7324588289473168  	0.03774697247196993 	0.018929410152415983
20729     	0.3333333333333333  	41545.68736400001   	56713.565455        	0.7325529091794606  	0.037831815740049096	0.018965896123686442
20783     	0.3337250293772033  	41741.84709200001   	56909.725183        	0.7334747612604722  	0.0378911445366995  	0.01898561676747221 
21236     	0.328719723183391   	41765.556007000014  	56933.434098000005  	0.7335857509509897  	0.03733193548664861 	0.01869784704396467 
21342     	0.3283582089552239  	41793.680513000014  	56964.620642        	0.7336778520067163  	0.03728675852582837 	0.018669850341760292
21394     	0.32875143184421535 	41906.53178200001   	57077.471911        	0.734204413386497   	0.03732459678530342 	0.01867495797504248 
21421     	0.3295194508009153  	42006.839645000015  	57206.045849        	0.7343076946076726  	0.03741385934687705 	0.018704896660707293
21447     	0.3302857142857143  	42025.020141000015  	57227.868985        	0.7343453615582854  	0.03749011516309681 	0.018731240152983254
21500     	0.330672748004561   	42317.92978100001   	57689.156106        	0.7335508549170596  	0.03751672125053036 	0.018734991152345868
21526     	0.3314350797266515  	42507.126614000015  	57888.307728        	0.7342955474485177  	0.037579433655467204	0.018753282787617488
21552     	0.3321956769055745  	42671.48964700002   	58124.595344        	0.7341382661583526  	0.03765927176062101 	0.018778274906124173
21578     	0.33295454545454545 	42768.447474000015  	58221.553171        	0.7345810124368661  	0.037743970350840726	0.018804416096749516
21631     	0.3333333333333333  	42971.92468700001   	58425.030384        	0.7355053887788495  	0.03780391410302612 	0.01881387242318374 
21657     	0.33408833522083803 	43029.41028400001   	58494.811329        	0.735610720102747   	0.03791259685916348 	0.018845544606127963
21684     	0.334841628959276   	43090.14744400001   	58575.9255          	0.7356289649064104  	0.03800444653487682 	0.01887198151657611 
21710     	0.33559322033898303 	43263.60873300001   	58777.225759        	0.7360607475825867  	0.0381130046551891  	0.018902555705549787
21763     	0.3359639233370913  	43343.83398300001   	58874.340533        	0.7362092482157844  	0.03818805550946457 	0.018913295689887376
21789     	0.3367117117117117  	43622.27512700001   	59309.46454         	0.7355027644463035  	0.038327863754790345	0.01895986658175623 
21868     	0.3367003367003367  	43715.67798500001   	59447.127112        	0.735370742183024   	0.03839236770660591 	0.01896622680492879 
21894     	0.3374439461883408  	43953.99583100001   	59865.538626        	0.7342119830508047  	0.03856075847470471 	0.0190303959594596  
22108     	0.33555555555555555 	44050.630800000006  	59999.417211        	0.7341843112423428  	0.038435115295756384	0.018951036735385174
22152     	0.33592017738359203 	44316.867190000004  	60425.44082         	0.7334140485960959  	0.03857293911187454 	0.019008380564403175
22173     	0.33665559246954596 	44504.329854        	60690.571121        	0.7332989133562582  	0.038763541353469134	0.019093244443983935
22304     	0.3355335533553355  	44616.875998        	60882.969144        	0.7328301596538838  	0.03873015712807677 	0.019074045281322262
22326     	0.3362637362637363  	44776.888084000006  	61122.738484        	0.7325733302299794  	0.038922371317090414	0.0191667339660651  
22434     	0.3355191256830601  	45055.88570500001   	61522.179597        	0.7323519095086979  	0.03897338609442618 	0.019185435947453273
22500     	0.3355119825708061  	45170.442780000005  	61665.622336        	0.7325060717603394  	0.039123787208528736	0.01924906258456455 
22543     	0.3358695652173913  	45298.177515        	61793.357071        	0.733059015760429   	0.03932624203043561 	0.0193355235710183  
22673     	0.3347732181425486  	45384.558676        	61894.230233999995  	0.7332599259158274  	0.03934419171764857 	0.019331706727513585
22695     	0.3354908306364617  	45551.40225         	62160.92133499999   	0.732798054979151   	0.03957196724535253 	0.019424249047502985
22804     	0.33476394849785407 	45674.213562        	62283.73264699999   	0.7333249248381387  	0.03963272542906852 	0.019427841506000378
22826     	0.3354769560557342  	45939.216883999994  	62674.75871499999   	0.7329779615570395  	0.03988196390923724 	0.019524281413561193
22891     	0.33547008547008544 	46164.31462899999   	63235.91597499999   	0.7300331452026539  	0.04005619910181962 	0.01959665754682582 
22934     	0.3358208955223881  	46300.87562199999   	63477.80742199999   	0.7294025660683602  	0.040274354946800144	0.019693296575357323
23108     	0.3347457627118644  	46383.50341599999   	63560.43521599999   	0.7297543394467496  	0.040234310986200915	0.019684195179189255
23135     	0.33544973544973544 	46567.00493499999   	63795.62497099999   	0.7299404145059832  	0.04039908294129476 	0.019770680139653003
23216     	0.33544303797468356 	46585.55986199999   	63820.67461599999   	0.7299446479107082  	0.04047893284330653 	0.019815563990232248
23243     	0.3361433087460485  	46625.54886799999   	63861.58857599999   	0.7301031795116114  	0.040627339989542016	0.019896674255759965
23270     	0.3368421052631579  	46737.24156899999   	63973.28127699999   	0.7305743997502784  	0.04078701035554234 	0.01997911741958138 
23297     	0.33753943217665616 	46918.369758999994  	64240.46663099999   	0.7303553697469406  	0.040959167721359845	0.020067103481656592
23324     	0.3382352941176471  	47081.98357999999   	64444.93153099999   	0.7305769819516701  	0.04114239428302724 	0.02015986775536974 
23405     	0.3382198952879581  	47122.10025399999   	64486.170369999985  	0.7307318760538765  	0.041243960272080694	0.020210144191882252
23486     	0.33820459290187893 	47240.27531399999   	64604.34542999999   	0.7312244246044673  	0.04135517772502211 	0.02026265650238254 
23513     	0.33889468196037537 	47293.362303999995  	64667.59403599999   	0.7313301663530596  	0.04155167945231231 	0.02035091752993453 
23648     	0.3381742738589212  	47420.006029        	64840.11100299999   	0.7313375207948979  	0.04155400299078888 	0.02035352782908302 
23783     	0.33746130030959753 	47640.85664         	65092.73914299999   	0.7318920246287293  	0.04154132885220232 	0.020355432116924026
23864     	0.3374485596707819  	47885.105135        	65377.15209399999   	0.7324440358942259  	0.04159855750881013 	0.020376478604466838
24023     	0.3367451381780962  	47933.119367        	65446.02249099999   	0.7324069140121032  	0.04153897894436089 	0.020343579949904832
24046     	0.3374233128834356  	48079.46673         	65599.52674199999   	0.7329239876850697  	0.04165517026520086 	0.020396823347124306
24069     	0.338100102145046   	48219.878658        	65765.587368        	0.7332083630330758  	0.041781011702480275	0.020453939089970136
24186     	0.33739837398373984 	48311.548533        	65904.58430999999   	0.7330529285452071  	0.04174164844654534 	0.020431230327762256
24209     	0.3380710659898477  	48358.805482        	65953.03131099998   	0.7332309754492584  	0.04187827939864472 	0.0204917017055928  
24255     	0.3383991894630192  	48614.231680000004  	66261.11013699998   	0.7336766857586043  	0.041965166648199416	0.02053062957690438 
24302     	0.33872598584428715 	48744.532102000005  	66409.83749699999   	0.7339956539451252  	0.04206083352577509 	0.020572150070186618
24325     	0.3393939393939394  	48802.510754        	66479.36522799998   	0.7341001314712495  	0.04220461659941255 	0.020635043658971494
24441     	0.33869346733668343 	48978.346071        	66724.82158899998   	0.7340348749478619  	0.04213794005704045 	0.020598168911293954
24465     	0.3393574297188755  	49091.87948         	66838.35499799998   	0.7344866503891215  	0.042252251316269515	0.02064541307054058 
24511     	0.3396793587174349  	49145.38696900001   	66904.19974499998   	0.7345635573897263  	0.04232697929541368 	0.02067268390141377 
24558     	0.34                	49440.11980300001   	67253.67567799997   	0.7351288878203703  	0.04242282975419908 	0.020707922964688204
24581     	0.34065934065934067 	49677.50681200001   	67613.75652599997   	0.7347248454225019  	0.042574614883157544	0.02077764779306406 
24604     	0.3413173652694611  	49762.405831000004  	67698.65554499997   	0.7350575196862282  	0.04271457388068145 	0.02084512661852719 
24767     	0.3399405351833499  	49933.848183        	67970.87016399998   	0.7346360001353479  	0.04258874610793296 	0.020786179750063413
24837     	0.33992094861660077 	50063.513509000004  	68138.98155299998   	0.7347264718076175  	0.04261296021500142 	0.020802876862208518
24860     	0.3405725567620928  	50344.444113000005  	68618.04432099998   	0.733691037265434   	0.04274054558516896 	0.020873178406728966
24883     	0.34122287968441817 	50557.040606        	68926.81888599998   	0.7334886684618033  	0.04288939026881678 	0.020950387938009168
24930     	0.34153543307086615 	50750.046078        	69229.94191799998   	0.7330649813069515  	0.042999878641345   	0.02101483646936226 
24953     	0.3421828908554572  	50819.187476        	69299.08331599999   	0.7333313089332988  	0.043156118197857   	0.021101503089407943
24976     	0.3428290766208251  	50914.434848        	69410.86480899999   	0.733522554258657   	0.043301930136796875	0.021177146439722978
25034     	0.3434739941118744  	51129.402798999996  	69689.38501599999   	0.7336756205735091  	0.04344870564260946 	0.021252136205828255
25103     	0.3437806072477963  	51241.429588        	69843.63160599998   	0.7336592959120708  	0.04355196922701345 	0.02130560127082356 
25137     	0.34442270058708413 	51341.544932        	69943.74694999999   	0.7340405278645142  	0.043708152895661   	0.02138097246533502 
25241     	0.344390243902439   	51461.406765        	70166.87924899999   	0.7334145014826695  	0.04378575292836126 	0.021421883682975394
25310     	0.34469328140214217 	51498.650556        	70204.12303999999   	0.7335559270024322  	0.043859915134103436	0.021460659714757854
25344     	0.3453307392996109  	51806.946086        	70705.54061099999   	0.7327140933837957  	0.04399453246198022 	0.021534506164762327
25379     	0.3459669582118562  	52062.651612        	71008.71255899999   	0.7331868123751996  	0.04412552355986588 	0.021609363103652957
25448     	0.34626576139670223 	52145.962526        	71101.485718        	0.7334018691651442  	0.04420537067753681 	0.02166348845445141 
25655     	0.3452266152362584  	52216.791547        	71193.11343099999   	0.7334528443907465  	0.04409746104040545 	0.021626086243941463
25758     	0.3451923076923077  	52282.269066        	71258.59094999998   	0.7336977670900748  	0.044102384728876454	0.02163837157007996 
25793     	0.345821325648415   	52375.144294        	71364.79795399998   	0.7339072735518672  	0.04418712013755897 	0.021687081880135513
25827     	0.34644913627639157 	52400.123997999995  	71395.83980899998   	0.7339380577101156  	0.04427313479696025 	0.02173610130036125 
25931     	0.3464114832535885  	52498.43483599999   	71569.47618899998   	0.7335310754177191  	0.04428049207676945 	0.02174775497610241 
26060     	0.3463740458015267  	52650.618454999996  	71754.17657199998   	0.7337638165517657  	0.044272938757045896	0.021749230717880087
26272     	0.34502369668246446 	52823.657408        	72046.18718099999   	0.7331915743895279  	0.04408734574763612 	0.02166924765884287 
26303     	0.3456439393939394  	52946.313921        	72216.35276899999   	0.7331623917696387  	0.04415907479538835 	0.021716175659276794
26363     	0.34593572778827975 	52993.709090000004  	72279.39361999999   	0.7331786617996259  	0.04417144718083    	0.021730042426726312
26393     	0.3465533522190746  	53177.758258        	72484.44800199999   	0.7336436949417442  	0.04423787666980025 	0.021766557732995268
26545     	0.3458646616541353  	53221.685951        	72528.375695        	0.7338050168779532  	0.04412866677672026 	0.02171870102997312 
26636     	0.3458294283036551  	53406.896367        	72801.594057        	0.7335951507488295  	0.04410778211061563 	0.021714058602868767
26666     	0.3464419475655431  	53482.497068000004  	72907.834664        	0.7335630980466943  	0.044159864186419345	0.021750229826436103
26696     	0.3470533208606174  	53667.17339900001   	73139.91619399999   	0.7337603895614332  	0.04419910682928927 	0.021778262102645277
26757     	0.3473389355742297  	53723.936134        	73196.67892899999   	0.7339668536889722  	0.04419261901180729 	0.021785031087668254
26818     	0.34762348555452005 	53815.004223        	73353.05807599999   	0.7336436357873873  	0.044186624105753323	0.021791865055605094
26939     	0.34726090993500464 	53898.857425        	73436.91127799999   	0.7339477721354937  	0.04409406596343782 	0.02174850788394163 
26969     	0.34786641929499074 	54057.557918        	73726.49756799999   	0.733217495760479   	0.04413531590446795 	0.021775493680876837
27020     	0.3484708063021316  	54111.103606        	73780.04325599999   	0.7334111125178764  	0.0441798326725701  	0.021802693830946178
27040     	0.3490740740740741  	54152.455803        	73842.02495199999   	0.7333555091182977  	0.04421242386998982 	0.021825899470132852
27060     	0.34967622571692875 	54288.805487        	74021.86206099999   	0.7334158311535265  	0.04425903316390526 	0.021851468812333717
27080     	0.35027726432532347 	54417.505939999995  	74181.31593499999   	0.7335742869226306  	0.04431173107433278 	0.02188219954238541 
27140     	0.35023041474654376 	54706.26560299999   	74525.16699499999   	0.7340643142291827  	0.04430193251892637 	0.021882350707297833
27160     	0.35082872928176795 	54732.11291099999   	74557.466653        	0.7340929804620409  	0.044369445205063265	0.02191878766205977 
27180     	0.3514259429622815  	55027.33425799999   	75006.42343299999   	0.733634957373398   	0.04445050027279005 	0.021969070383611358
27340     	0.3497716894977169  	55155.87024599999   	75161.96911699999   	0.7338268394770534  	0.044256393540865926	0.021881761975314343
27480     	0.3484573502722323  	55246.35313399999   	75257.15405499999   	0.73410101441817    	0.044114396338452315	0.021815985712442733
27500     	0.34904805077062556 	55322.52956299999   	75333.33048399999   	0.734369889231831   	0.044217669742312136	0.021871336167127456
27620     	0.3480613165013526  	55550.872636999986  	75700.50863799998   	0.733824298362966   	0.04413363489201303 	0.02183526708557492 
27740     	0.347085201793722   	55593.509644999984  	75743.14564599999   	0.7339741328519261  	0.04402944446281545 	0.021787028622490677
27840     	0.3464285714285714  	55641.452841999984  	75820.64213099999   	0.733856259695939   	0.043953181415117656	0.021758219825727957
27940     	0.3457777777777778  	55764.762529999985  	75990.86238699999   	0.7338351056737034  	0.043866836486228196	0.021727898450730226
27960     	0.3463587921847247  	55776.605331999985  	76004.10404699999   	0.7338630726770811  	0.04393749355100237 	0.021775010757727756
28027     	0.3466312056737589  	55844.252150999986  	76071.75086599999   	0.7340997349905796  	0.04397198514843843 	0.021803455168824728
28162     	0.34598411297440423 	55990.94101499999   	76219.52418499999   	0.7346010305587688  	0.043890418200280244	0.021770980431086516
28189     	0.34656084656084657 	56114.44210799999   	76398.96216199998   	0.7344922040827239  	0.0439570499751636  	0.021806057996384142
28270     	0.3465259454705365  	56295.23014699999   	76621.24886199998   	0.7347208637696768  	0.04394872931829918 	0.021803276262260907
28324     	0.34679543459174716 	56489.20029199999   	76848.46169999999   	0.735072622696363   	0.04398474469054033 	0.02182044601002686 
28486     	0.34585152838427946 	56692.78411999999   	77052.04552799999   	0.7357726031997213  	0.04385831830937644 	0.021754011599962177
28567     	0.34581881533101044 	56827.40932299999   	77205.65968099999   	0.7360523769604548  	0.04383837824268785 	0.021740800423361597
28648     	0.34578627280625546 	56970.837781999995  	77398.11393899999   	0.7360752721558641  	0.04382587728648473 	0.021729933346934804
28702     	0.3460537727666956  	57051.523569        	77494.77321399999   	0.736198342195977   	0.043855986452120556	0.021739518576030622
28729     	0.3466204506065858  	57332.964217        	78082.44988699998   	0.7342618514143908  	0.04394262394011754 	0.021787518178048765
28810     	0.3465859982713915  	57500.504449        	78295.58751399998   	0.7344028734533523  	0.043941416830480494	0.021783917319992352
28945     	0.3459552495697074  	57683.117403        	78478.20046799998   	0.7350208982750653  	0.04386354718120364 	0.021742508604334524
28972     	0.34651762682717113 	57737.432253        	78561.25724899999   	0.7349351865640483  	0.043933102180916166	0.021774500662181645
29083     	0.346483704974271   	57827.781179        	78686.99917899999   	0.734908965678705   	0.04393393533211346 	0.021770846950662753
29111     	0.34704370179948585 	57859.092097        	78728.914708        	0.7349154032110731  	0.04401137652298291 	0.021805145398367868
29138     	0.3476027397260274  	57996.619787        	78984.109017        	0.7342821297701442  	0.04409829518984152 	0.021846650307438258
29166     	0.3481608212147134  	58125.69392400001   	79113.183154        	0.7347156517625362  	0.044180966683442374	0.021889311168009625
29250     	0.34812286689419797 	58307.77662800001   	79344.194324        	0.7348713680285376  	0.04417086522308997 	0.02188851018910924 
29444     	0.3469041560644614  	58405.422430000006  	79441.840126        	0.7351972504333378  	0.04401603418289526 	0.021811924892656105
29500     	0.3471634208298052  	58481.54053600001   	79517.95823199999   	0.7354507313351212  	0.0440506272322479  	0.02182959121795417 
29555     	0.3474218089602705  	58553.758766000006  	79590.17646199999   	0.7356907770390013  	0.04408605879313741 	0.021848744683752502
29611     	0.34767932489451475 	58630.13112700001   	79714.971379        	0.7354971106775741  	0.04412483729368291 	0.02187078004797669 
29638     	0.3482293423271501  	58716.289886000006  	79801.130138        	0.7357826860905604  	0.04419683797182514 	0.021909529723606876
29777     	0.34760705289672544 	58775.398010000004  	79901.178512        	0.7356011401155089  	0.04411218036279429 	0.021876523950179843
29805     	0.34815436241610737 	59008.65988200001   	80166.031446        	0.7360805919618008  	0.04419339743727037 	0.021921281684871407
29861     	0.34840871021775544 	59095.09710100001   	80299.737023        	0.7359313902120699  	0.044222950220551144	0.021943752935005906
29888     	0.3489539748953975  	59278.06484200001   	80532.75439799999   	0.7360739774159787  	0.04428480047010608 	0.021983163335363452
29972     	0.34891485809682804 	59332.753624000004  	80587.44317999999   	0.7362530846334764  	0.044269501034734676	0.021982447931017675
30051     	0.3491666666666667  	59398.815780000004  	80675.18648099998   	0.736271192803368   	0.044294007898036475	0.022001304530952545
30102     	0.34941763727121466 	59461.197657000004  	80769.44541299998   	0.7361843003001433  	0.04430754859619889 	0.02201679635508873 
30153     	0.3496677740863787  	59599.292609000004  	80907.54036499998   	0.7366345873342385  	0.044306973578506624	0.02201115315839721 
30179     	0.350207468879668   	59678.985159        	80987.23291499999   	0.7368937425190953  	0.044350285570558846	0.022024584525991018
30205     	0.35074626865671643 	59998.971467        	81348.53793299999   	0.7375543923901393  	0.04440359551215881 	0.022046599626475035
30282     	0.3507030603804797  	60087.556316        	81475.90296299999   	0.7374886823075418  	0.044386741693734265	0.022034328938136068
30307     	0.3512396694214876  	60308.746139        	81778.38794999999   	0.7374655780188928  	0.04445599493432806 	0.02206753762022379 
30333     	0.35177539223782    	60396.117656        	81924.54957499998   	0.7372163529652218  	0.04452357736933245 	0.02210230689707934 
30384     	0.3520197856553998  	60487.377104        	82028.51737999998   	0.73739449445112    	0.04456063254845554 	0.022119479205583152
30461     	0.3519736842105263  	60600.97549         	82163.78034599997   	0.7375631359073691  	0.04455224902982631 	0.022115781670917108
30666     	0.35049019607843135 	60870.293233        	82600.99260899996   	0.7369196338975683  	0.044335063141228696	0.0220108317132608  
30743     	0.3504482477587612  	61019.869353999995  	82833.73456099996   	0.7366548143385239  	0.044311184686950576	0.022000305199825685
30820     	0.35040650406504065 	61357.06039299999   	83340.44443399996   	0.7362219005394274  	0.04430387476242916 	0.02200207173664728 
30846     	0.35093419983753044 	61490.60173599999   	83496.70860899996   	0.7364434210688399  	0.04437004245118225 	0.02203942500858553 
30897     	0.35117599351175993 	61546.96440599999   	83553.07127899997   	0.7366212092968156  	0.04439625180795288 	0.022058307681714857
31047     	0.3505654281098546  	61679.39292299999   	83685.49979599996   	0.7370379943162886  	0.04431706108575941 	0.022023951405217266
31214     	0.3493975903614458  	62016.98237499999   	84080.72974199997   	0.737588536223435   	0.044142577497741954	0.021943310698328566
31261     	0.3496391339214114  	62179.87872799999   	84286.48626899997   	0.7377206178645669  	0.04415090167914865 	0.02195379351821384 
31285     	0.3501602564102564  	62255.323613999986  	84361.93115499997   	0.73795517435011    	0.04419310075925872 	0.021979189494631984
31428     	0.3492822966507177  	62407.888169999984  	84603.38738099996   	0.7376523576881675  	0.04405395424813457 	0.02191066230506492 
31452     	0.349800796812749   	62522.807449999986  	84718.30666099997   	0.7380082288493418  	0.044096047704304864	0.021931369233421687
31476     	0.3503184713375796  	62708.147543999985  	85029.40114999996   	0.7374878182827237  	0.04414632697685152 	0.021959509567025113
31523     	0.3505564387917329  	62881.85841399999   	85227.91640199996   	0.7378082331310448  	0.04417695671815373 	0.021972705633713223
31571     	0.35079365079365077 	62911.86460899999   	85271.61577699996   	0.7377820161579371  	0.044200379499206244	0.021983795030075814
31619     	0.3510301109350238  	63015.46193199999   	85377.36929999996   	0.7380815601213426  	0.04422352155481726 	0.021989679866885353
31714     	0.35071090047393366 	63111.60945799999   	85512.93437899997   	0.7380358295071998  	0.044182792770092294	0.02196409603494391 
31904     	0.3492935635792779  	63252.50564299999   	85657.27249699997   	0.7384370736905652  	0.04397913602997626 	0.021860703923208782
31952     	0.3495297805642633  	63351.67151799999   	85786.03142799997   	0.7384846980731462  	0.04397735236720657 	0.0218601372056059  
31976     	0.3500391542678152  	63478.117995999986  	85939.27185099997   	0.7386392347616961  	0.04401384270293421 	0.021878938707171596
32041     	0.3502736512900704  	63534.950266999986  	86037.70474599997   	0.7384547327775364  	0.04401459806049586 	0.021880283162486164
32062     	0.35078125          	63620.24285899998   	86149.48593499998   	0.7384866220444035  	0.044052373336325945	0.0219004970824487  
32083     	0.351288056206089   	63696.632543999986  	86264.29627599998   	0.7383892907467136  	0.04409720251223258 	0.02192271743956529 
32145     	0.3512461059190031  	63804.47021999999   	86415.94933799998   	0.7383413676385203  	0.044079252913542435	0.021914463310519394
32208     	0.35120435120435123 	63872.698418999986  	86484.17753699998   	0.7385477926488199  	0.0440651070842742  	0.021907876818191348
32333     	0.3503480278422274  	63989.94331399999   	86659.89847399999   	0.7384031650256142  	0.043943040343122956	0.021849641185590678
32395     	0.35030864197530864 	64125.84067499999   	86796.09476799998   	0.7388102062241853  	0.04392155285963369 	0.021837052780789883
32416     	0.3508095605242868  	64351.96458999999   	87111.11962299998   	0.7387342152012603  	0.04398252174959635 	0.021865699731587838
32458     	0.3510392609699769  	64587.58249699999   	87518.54311699998   	0.7379874046881182  	0.04401483663604213 	0.021884758887650582
32500     	0.35126825518831667 	64663.45545999999   	87616.59963999999   	0.7380274482882225  	0.044045323228194704	0.021903149193598568
32645     	0.35015290519877673 	64720.28811399999   	87687.28818799999   	0.7380806209360795  	0.04390699936824523 	0.021836677827464672
32687     	0.35038167938931297 	64812.34781699999   	87779.347891        	0.7383553122026005  	0.043943266207571205	0.021855339690182107
32750     	0.3503427265803503  	64953.27257299999   	87962.70267299999   	0.7384183363994941  	0.04394836824476375 	0.02185772092478188 
32812     	0.35030395136778114 	65076.14830699999   	88130.452033        	0.7384070636859159  	0.04394839615868349 	0.02185360372433627 
32854     	0.3505311077389985  	65121.93979199999   	88181.58606999999   	0.7384981683171941  	0.04398628356462675 	0.021866452343454534
32895     	0.35075757575757577 	65194.09288499999   	88267.433679        	0.738597353153936   	0.04402995502589408 	0.021880122819876714
32916     	0.35124905374716126 	65265.06906799999   	88346.939896        	0.7387360461474788  	0.04411190236042581 	0.02190995178146762 
32937     	0.3517397881996974  	65444.30079599999   	88580.982179        	0.7388075768199706  	0.04419471622500394 	0.02194274532833537 
32958     	0.35222978080120937 	65632.94729699999   	88778.186235        	0.739291374158811   	0.04429280022729765 	0.02197736820419889 
33046     	0.3521870286576169  	65792.17772099999   	89037.57079700001   	0.7389260188937764  	0.04432678037288542 	0.02198314745550654 
33069     	0.35267520723436324 	66060.98529999999   	89467.46558700001   	0.7383799783146971  	0.04442470587040493 	0.022024242692001855
33116     	0.35289691497366443 	66238.90464099999   	89710.77691800002   	0.7383606174935431  	0.04448041602514976 	0.022043472580121345
33139     	0.3533834586466165  	66362.11861999998   	89861.24004900001   	0.7384954690566666  	0.04456948801518512 	0.022081039917375256
33162     	0.3538692712246431  	66466.56388699998   	90011.79811400002   	0.7384205768539367  	0.044657664525671596	0.02211828326595639 
33232     	0.3538230884557721  	66603.17954199998   	90204.51122200002   	0.7383575238059281  	0.044676522776683825	0.0221228244469298  
33372     	0.3529850746268657  	66667.39278299999   	90268.72446300002   	0.7385436448736582  	0.044584990778752644	0.022069475784351842
33651     	0.3505917159763314  	66698.804809        	90304.76918900001   	0.7385967032306479  	0.04426750370504105 	0.021907372372600653
33674     	0.35107169253510717 	66911.65461999999   	90571.86871300002   	0.7387686217673897  	0.044319405094908344	0.0219301186599461  
33697     	0.3515509601181684  	67223.835885        	90987.49962300003   	0.7388249612698117  	0.04438540476926681 	0.02196059160103687 
33720     	0.35202952029520296 	67419.32347599999   	91269.40537600002   	0.7386848111725335  	0.04445388095170548 	0.021991612120026007
33744     	0.3525073746312684  	67493.81082799999   	91368.87360600002   	0.7386958836665334  	0.04452678978868845 	0.022024284705911095
33767     	0.35298452468680913 	67539.36309999999   	91421.89090100002   	0.738765764242809   	0.04460247996588725 	0.02205722871949184 
33953     	0.3516483516483517  	67678.36237299998   	91575.59309600003   	0.7390436696604494  	0.044435485647226554	0.021972954821457936
34034     	0.351865398683248   	67783.96732699998   	91681.19805000002   	0.7393442578055399  	0.044462179795676696	0.02198286772946586 
34206     	0.35131195335276966 	67998.32444099998   	91931.08628300003   	0.7396662781909745  	0.04435846750279614 	0.021929626633776133
34241     	0.35178441369264385 	68284.46298799997   	92531.85945700003   	0.7379562389506726  	0.04439446079121026 	0.021957091877860557
34517     	0.35047067342505434 	68466.67525499997   	92820.91214000003   	0.7376212286271543  	0.044202440726642346	0.02187060055817341 
34551     	0.3509406657018813  	68616.17659099997   	92989.57786000003   	0.7378910429543479  	0.044237779471881525	0.02189493992482812 
34620     	0.3511560693641618  	68799.85415599997   	93205.40595200003   	0.7381530443784698  	0.04424153199893485 	0.021900554869142472
34689     	0.3513708513708514  	68882.09037999997   	93287.64217600002   	0.7383838713604144  	0.04424936500854813 	0.021907158562366524
34827     	0.3510791366906475  	69016.26031099996   	93449.75250800002   	0.7385387168905733  	0.04418568696891801 	0.02187674117452135 
34862     	0.3515456506110712  	69078.44382999996   	93511.93602700002   	0.7387125832797934  	0.04421567087644939 	0.021891945785400158
35031     	0.35125448028673834 	69164.76196499995   	93637.79703100002   	0.738641490488099   	0.044147826615031756	0.021858264012715033
35062     	0.3517191977077364  	69476.01288299996   	94053.29138900002   	0.7386877360373324  	0.04419506827848764 	0.02188008073229535 
35187     	0.3514285714285714  	69578.92386399995   	94171.93537500002   	0.7388498875692767  	0.04415475357787032 	0.021856315488022724
35375     	0.3506401137980085  	69702.86120199996   	94332.80463800002   	0.7389037299323719  	0.04403403442871406 	0.02179855602038783 
35406     	0.35110163468372424 	69883.82986999996   	94530.79895100002   	0.7392704879837544  	0.04407584068047503 	0.021820774786379924
35437     	0.3515625           	69962.52451599996   	94640.96167200002   	0.7392414793762467  	0.04412294922619992 	0.02184459683423577 
35562     	0.35127478753541075 	70104.29853899997   	94857.98769200002   	0.7390447577975798  	0.0440664521494622  	0.021818185746282196
35656     	0.3512367491166078  	70330.16991999997   	95126.90886500002   	0.7393299199894059  	0.044048409322858806	0.021811555872052083
35687     	0.3516949152542373  	70429.79185099997   	95226.53079600002   	0.7396026218982911  	0.044103430528558515	0.02183580546753299 
35718     	0.3521524347212421  	70594.82914799998   	95430.32432300002   	0.7397525854471569  	0.044159088184847685	0.021862537612223704
36114     	0.34989503149055284 	70978.03860399997   	95969.61109400002   	0.7395886864069775  	0.04386638909047285 	0.021722683450466018
36171     	0.350104821802935   	71045.28378199997   	96036.85627200002   	0.7397710268730813  	0.043885271620086465	0.021736553516684732
36228     	0.35031402651779486 	71213.04402399997   	96252.73429100002   	0.7398547641119704  	0.04388971635328707 	0.021744798388586586
36285     	0.3505226480836237  	71289.61079599998   	96379.78056100002   	0.7396739272598764  	0.04389792979606682 	0.02175545450812927 
36314     	0.35097493036211697 	71365.26169799997   	96455.43146300002   	0.7398781034469318  	0.0439293579802937  	0.021766112950466588
36428     	0.3506944444444444  	71463.91667099997   	96554.08643600001   	0.7401438852447656  	0.04387275909522142 	0.02173205897702563 
36457     	0.3511450381679389  	71552.84087499997   	96717.55236000002   	0.739812362172561   	0.04391461162274724 	0.021746464572802323
36514     	0.35135135135135137 	71694.98308199996   	97006.90848100002   	0.7390708992240722  	0.043933329274633066	0.02175383953058857 
36657     	0.35082872928176795 	71777.92591799996   	97089.85131700002   	0.7392938082029172  	0.04384437182063344 	0.021706030738306653
36714     	0.3510344827586207  	72044.07718399997   	97367.89439000002   	0.7399161462343291  	0.043857784727162855	0.021707373083944426
36800     	0.3509979353062629  	72190.74731799997   	97563.50723800002   	0.7399359592710745  	0.04384309710875519 	0.021695954429730407
36914     	0.3507206588881263  	72267.02534999997   	97685.49012600002   	0.7397928316353437  	0.04378703574186991 	0.021664527865168554
36942     	0.3511659807956104  	72358.79308799996   	97777.25786400001   	0.7400370461262576  	0.04382447550356628 	0.02167840081817179 
36971     	0.35161069225496916 	72543.70926699997   	98068.22091700001   	0.7397269838146375  	0.04387133883756578 	0.021697184556084985
37189     	0.3506139154160982  	72750.55567199997   	98314.84600000002   	0.7399752797456445  	0.04372997437726247 	0.021626127899743896
37216     	0.3510565780504431  	73034.15683199998   	98697.38545400002   	0.7399806640879973  	0.043779707825101453	0.02164905407458022 
37270     	0.3512593601089176  	73194.40554199998   	98957.12419400002   	0.7396577673226069  	0.043800272174221166	0.021654588940832012
37324     	0.3514615907545887  	73491.28020299997   	99381.14293200002   	0.7394891831067512  	0.043830031510879414	0.02167353208470045 
37378     	0.351663272233537   	73567.25617499997   	99462.03090800002   	0.7396516590642304  	0.043857507674932704	0.021690818191345274
37540     	0.3509127789046653  	73748.87267199997   	99686.35382200002   	0.7398091097171231  	0.0437592465245605  	0.021647548742241472
37648     	0.35064059339177345 	73848.83836999997   	99786.31952000002   	0.7400697683333091  	0.043720373796501275	0.0216340646246484  
37837     	0.3496644295302013  	73919.84015599996   	99902.10060300001   	0.7399227815013549  	0.04356304052025352 	0.021555434416867213
37864     	0.3501006036217304  	73984.75309399996   	99968.99676600001   	0.7400769787374976  	0.04358512146340722 	0.021564060340169285
37918     	0.3503014065639652  	74051.01123399996   	100066.35266700001  	0.7400190899375169  	0.043579670703932046	0.021559518929844774
37972     	0.3505016722408027  	74257.02184199996   	100358.74920000002  	0.7399157764911636  	0.04357519865622281 	0.02155456661717565 
38048     	0.35070140280561124 	74381.71676199995   	100488.83073400002  	0.7401988481574916  	0.04356872672220808 	0.021545112590202642
38170     	0.35019973368841545 	74496.80096199995   	100642.82983200002  	0.7402097207158739  	0.043462700557424225	0.021489799572896862
38268     	0.349933598937583   	74709.92288999994   	100899.98406700001  	0.7404354280213836  	0.0433832052405691  	0.021449802913224   
38292     	0.35036496350364965 	74769.82534099995   	100960.89732000002  	0.740582020621446   	0.043388829128856964	0.021449169389956023
38317     	0.35079575596816975 	74838.32265099995   	101034.33309300002  	0.7407216968722189  	0.04339888618660945 	0.021448881550671428
38341     	0.3512259774685222  	75076.22926199995   	101445.57487600003  	0.7400641117541882  	0.043422821495043964	0.021458234583025523
38414     	0.35119047619047616 	75232.49936199994   	101649.11328800002  	0.7401195832259302  	0.04339178527818948 	0.02144230070487194 
38463     	0.3513870541611625  	75337.76694099995   	101766.14132600003  	0.7403028744075222  	0.043396226999459504	0.021441205620232835
38487     	0.35181518151815183 	75486.52913199995   	101953.54164200003  	0.7404012446871495  	0.04342718670348855 	0.021455948415725346
38585     	0.35154707044107963 	75557.24887799995   	102044.94556300003  	0.7404310763373653  	0.04337557684798404 	0.021429111179211164
38707     	0.3510498687664042  	75825.85800999995   	102410.42238300003  	0.7404115347403052  	0.04329345138177968 	0.0213911094199539  
38756     	0.35124508519003933 	75860.61339599996   	102445.17776900003  	0.7404996023049064  	0.04329786563245288 	0.02139563301374454 
38804     	0.35143979057591623 	75966.29372399996   	102584.01509400003  	0.7405275924752053  	0.04330988015067643 	0.02140154520668825 
38926     	0.35094585779517284 	76059.90398199996   	102698.51249000004  	0.7406134922295595  	0.043222543630133274	0.02136114526200747 
38975     	0.3511400651465798  	76299.29563599997   	102965.81621900004  	0.7410157898784338  	0.04322561116843076 	0.021365613418489623
39131     	0.35064935064935066 	76378.21976099997   	103112.45307600005  	0.7407274047171067  	0.04313637597786058 	0.021321626532249345
39157     	0.3510707332900714  	76543.13906999998   	103409.55911700006  	0.7401940374138646  	0.04316802359395807 	0.021337497856574805
39210     	0.35126377187297475 	76735.00543499997   	103633.29383000005  	0.7404474237871469  	0.043169572672568976	0.021335554213094125
39289     	0.351228978007762   	76885.09191699997   	103810.39343500005  	0.7406300021889511  	0.04314053723935114 	0.02131653009750703 
39315     	0.3516483516483517  	77056.56456899997   	103985.80771800005  	0.7410296295237738  	0.04316455710918134 	0.02132265591577849 
39447     	0.35115979381443296 	77202.82939899997   	104193.73371500005  	0.7409546298645175  	0.043084332114860735	0.021278409308722657
39526     	0.35112540192926045 	77472.90208399997   	104540.68883400006  	0.7410789325008087  	0.04305469218029696 	0.021260592767237484
39552     	0.35154241645244216 	77640.28141999997   	104816.20411600005  	0.7407278490458927  	0.04309048472278427 	0.02127596487646365 
39578     	0.3519588953114965  	77794.37933499998   	105051.81360300005  	0.7405334250486308  	0.04313403082029278 	0.021295792172119174
39605     	0.3523748395378691  	77948.25937199997   	105205.69364000004  	0.7409129361261435  	0.04318985077806893 	0.021316513795342863
39631     	0.3527902501603592  	78072.54822699998   	105542.73746100004  	0.7397244955471162  	0.04324973007804449 	0.021344887384712255
39763     	0.3523017902813299  	78159.37775899998   	105666.00076700003  	0.7396833152732464  	0.043196872941915244	0.02131708181894084 
39842     	0.3522654754307594  	78255.37613899999   	105817.81717900003  	0.7395292988006379  	0.04319354574913251 	0.021313641579640802
40136     	0.35044359949302917 	78298.63742199999   	105861.07846200003  	0.7396357429903392  	0.04296899395802951 	0.021199526663671118
40159     	0.35085497150094996 	78409.00527699999   	105971.44631700004  	0.7399069089087401  	0.04302338061457693 	0.02122072073874704 
40250     	0.35060012634238785 	78480.41117699999   	106042.85221700004  	0.7400820473632882  	0.04299535350496407 	0.02119749943426243 
40272     	0.351010101010101   	78761.79243499998   	106414.54010500004  	0.7401412660082459  	0.043060827793787934	0.021220309915123747
40295     	0.35141955835962146 	79035.43930199998   	106712.13147500003  	0.7406415578955613  	0.0431352334655876  	0.021247873242191136
40340     	0.3516068052930057  	79309.93058099998   	107118.88196600003  	0.7403916949597483  	0.04319491363458192 	0.02126986480314445 
40363     	0.3520151133501259  	79463.98830899998   	107404.73422100004  	0.7398555462694212  	0.043286917501576344	0.021307775244792264
40386     	0.3524229074889868  	79802.19023699997   	107991.68105700004  	0.7389660893868193  	0.04339260382407977 	0.02135650500202406 
40431     	0.35260842237586426 	79979.26441299997   	108197.87004400004  	0.7391944442203473  	0.04348086558289762 	0.021394746484138947
40477     	0.35279347143753925 	80025.01405499996   	108243.61968600003  	0.7393046748357234  	0.043565822412396905	0.021431209135593352
40522     	0.3529780564263323  	80140.47987299996   	108432.70418800003  	0.7390803399503237  	0.04365766980360078 	0.021470771358469448
40545     	0.3533834586466165  	80218.41419599995   	108510.63851100003  	0.7392677372170102  	0.0437808918024245  	0.021524672968212036
40590     	0.35356695869837296 	80425.99513899995   	108898.40200800003  	0.7385415548438589  	0.04388702480725886 	0.021575069453798317
40613     	0.3539712320200125  	81175.04709499994   	110340.78217700003  	0.7356758352934756  	0.04405168599337988 	0.02166867010510222 
40704     	0.3537117903930131  	81248.49267899994   	110414.22776100003  	0.7358516590349975  	0.04412598884737778 	0.021720979456226013
40750     	0.35389408099688474 	81325.36907099995   	110547.23726500003  	0.7356617051953056  	0.04424952648839736 	0.021796981438941338
40772     	0.35429638854296386 	81376.08471199995   	110618.32029000003  	0.7356474451850487  	0.044402373945669225	0.0218873389302732  
40863     	0.35403726708074534 	81432.09367099995   	110696.09090700003  	0.7356365794291158  	0.04444497074084489 	0.02192344035312964 
41156     	0.35246913580246914 	81553.64825099995   	110859.97476900004  	0.7356455602748787  	0.044283398688281995	0.021859949526371384
41218     	0.3526510480887793  	81646.77297099995   	110970.24893900004  	0.7357537155375843  	0.04434246576798391 	0.021898135021432858
41531     	0.35110294117647056 	81898.93635199996   	111315.43480200005  	0.7357374698097883  	0.044159234804614686	0.02181593871586819 
41625     	0.3510703363914373  	81956.44131299996   	111381.67915100005  	0.7358161767510407  	0.044132675545669194	0.021796022531472663
41656     	0.35146699266503667 	82260.74689899996   	111815.08263500004  	0.7356856066325611  	0.044159440517468854	0.02180675139278831 
41687     	0.3518631643249847  	82503.36717999996   	112111.46941400004  	0.7359047884327994  	0.04420041200207383 	0.021819768446369722
41718     	0.3522588522588523  	82670.71917599996   	112323.39663800003  	0.7360062253319688  	0.044239036987240236	0.0218315487724693  
41750     	0.3526540573520439  	83210.43726599995   	113090.92607800003  	0.7357834987451497  	0.04429397082897463 	0.021857463464130367
41968     	0.3517618469015796  	83306.39631199995   	113229.05122000004  	0.7357334130632127  	0.04418102875309302 	0.02180120798530231 
42156     	0.3513022410660206  	83365.00871299996   	113291.79892600003  	0.7358432781833779  	0.0441194927373306  	0.021770076339503296
42281     	0.3510574018126888  	83511.24968799995   	113469.04665500003  	0.7359826503338303  	0.04407288610696669 	0.021751793947182307
42375     	0.35102533172496986 	83670.53547099995   	113717.01673300003  	0.7357784953807994  	0.04405960574307345 	0.021749604031393612
42468     	0.3509933774834437  	83769.08137899995   	113844.66413900003  	0.7358191269879901  	0.044043518099039176	0.021743404036511788
42500     	0.35138387484957884 	83894.98206699995   	114032.27352300003  	0.7357126142896602  	0.04407846106046847 	0.021765185084186605
42875     	0.34946236559139787 	84126.84773499994   	114393.14765400003  	0.7354185933361564  	0.043821927009637565	0.021648589087412278
42968     	0.3494335122242099  	84223.89971999994   	114503.31228100004  	0.7355586318176364  	0.043797477463548486	0.02164321815456437 
43052     	0.3496128648004765  	84292.28680699994   	114583.02219200003  	0.7356437733485185  	0.04380344817796141 	0.02165115655951804 
43157     	0.3493761140819964  	84351.45276999995   	114642.18815500004  	0.7357802055902316  	0.04375887069756779 	0.021633935668196384
43263     	0.34914048606994663 	84610.80438099995   	115002.14830200005  	0.735732380918735   	0.043693119190380485	0.021598195770887257
43289     	0.3495260663507109  	84682.28683299995   	115073.63075400004  	0.7358965410071266  	0.0437072667136196  	0.02160137301950264 
43315     	0.34991119005328597 	84740.93227899994   	115136.89743400004  	0.7360015265964241  	0.043725970108983464	0.02160481662942461 
43368     	0.35008870490833827 	84878.55358699994   	115327.93865300005  	0.7359756411010124  	0.043727533770682704	0.02159815126000159 
43394     	0.35047281323877066 	85111.16232399995   	115718.68310100005  	0.7355006127205436  	0.04376511901219676 	0.021611060306153822
43421     	0.35085646780862373 	85187.41593799995   	115840.12778400004  	0.7353877932251912  	0.04380498753786657 	0.021626180781564485
43500     	0.35082547169811323 	85310.51886499995   	115971.56876100005  	0.7356158046013165  	0.043794101742943965	0.021614993533988814
43526     	0.3512080141426046  	85465.31199099995   	116193.77740800005  	0.7355412131141851  	0.04384063225428536 	0.021633157220464744
43631     	0.3509700176366843  	85582.18314299996   	116327.39213800005  	0.7357010379934691  	0.043799005527381356	0.021611965181990274
43710     	0.35093896713615025 	85652.66678199996   	116397.87577700005  	0.7358610817442832  	0.04378555389100155 	0.021603875800948254
43842     	0.3504973668812171  	85776.26880199996   	116594.03057300005  	0.7356831939032681  	0.04372447515611402 	0.021573132073720646
43868     	0.3508771929824561  	85847.74241999997   	116679.91020100005  	0.735754272283149   	0.04377003294961323 	0.02159398863000625 
43894     	0.35125657510227937 	85949.24550999996   	116891.26118900006  	0.7352923104408094  	0.043813853801938585	0.02161709730579076 
43921     	0.3516355140186916  	86019.65480299997   	116964.69111400006  	0.7354326676172778  	0.04386489582050111 	0.02164038604973803 
43973     	0.3518086347724621  	86053.84384199997   	116998.88015300006  	0.7355099786379742  	0.04388532462210896 	0.02164824743551132 
44031     	0.3521865889212828  	86105.63767599997   	117050.67398700006  	0.7356270130111603  	0.043933727014842515	0.021668900974411945
44156     	0.35194880744618967 	86238.12912599997   	117258.01407500006  	0.7354561631142816  	0.043912501205686585	0.02165416136467064 
44218     	0.35212085996513653 	86340.83954799997   	117381.38387800005  	0.7355582009302092  	0.04394263226839417 	0.021664824374977618
44375     	0.35168018539976825 	86494.04348199998   	117551.04472000005  	0.7357998704990152  	0.04388772249897098 	0.0216323204186269  
44406     	0.3520555877243775  	86690.30083599998   	117846.84635000005  	0.7356183344824818  	0.04393992403187178 	0.02165429462085951 
44437     	0.3524305555555556  	86841.00851799997   	117997.55403200004  	0.7359560054477854  	0.04399724964889248 	0.021678501496840096
44500     	0.35260115606936415 	87103.44024599997   	118461.23626100004  	0.7352906570558582  	0.04403516847560829 	0.02169340762583162 
44531     	0.35297515886770653 	87380.02748099997   	118737.82349600004  	0.7359072695478839  	0.04411477541031293 	0.02172395826881112 
44562     	0.3533487297921478  	87508.83179199997   	118874.35660300004  	0.7361455766633483  	0.04419448976601239 	0.021750394110706204
44593     	0.3537218695903058  	87633.68101599997   	119028.23776400003  	0.736242782907979   	0.04427900349268485 	0.02177811248104916 
44750     	0.3532796317606444  	87761.62409799997   	119195.79389200003  	0.7362812162442437  	0.044266001109187   	0.02175529363280583 
44781     	0.35365152386428983 	87805.67197099997   	119239.84176500003  	0.7363786354568377  	0.04435399261222883 	0.0217812390669172  
44875     	0.35361653272101035 	87987.77056599998   	119431.27618900004  	0.7367230207501032  	0.04438412414696447 	0.021779819663373643
44937     	0.35378440366972475 	88040.79476599998   	119502.59875400004  	0.7367270309094683  	0.04443357821051629 	0.021784444508225333
45055     	0.35374928448769316 	88222.97966799997   	119716.58728600004  	0.7369319629638071  	0.04445737812077113 	0.021777653073019616
45083     	0.35411899313501144 	88378.51214199998   	119872.11976000005  	0.7372732902274985  	0.0445217690046463  	0.02179018466205683 
45111     	0.3544882790165809  	88705.30798699998   	120385.06835300004  	0.7368464312109967  	0.0445982399482981  	0.021813525658007683
45250     	0.3540478905359179  	88796.62588899997   	120522.06635700003  	0.736766540543491   	0.04457301010932996 	0.02178847013639725 
45388     	0.3536100056850483  	88949.61730799997   	120688.79554000004  	0.7370163643610089  	0.04454999813815393 	0.021763374132738673
45444     	0.3537762634866553  	89173.33777399997   	121108.28064600003  	0.7363108228301414  	0.04460472274523511 	0.02177950375057858 
45666     	0.3527416619559073  	89278.86655899997   	121237.16912300003  	0.7363984758537453  	0.04448412221990443 	0.021716657915804866
45722     	0.35290796160361376 	89471.04018799997   	121480.82794500003  	0.736503378364425   	0.04450851961594507 	0.021728898093556607
45861     	0.3524774774774775  	89541.59808499998   	121551.38584200003  	0.7366563323382561  	0.04445628576916824 	0.021703610157742408
45916     	0.3526434195725534  	89668.57457599997   	121687.51382200004  	0.7368757217537029  	0.0444735842141369  	0.021704808015758775
46047     	0.35241301907968575 	89906.27355799997   	122011.55278800003  	0.7368668909100413  	0.04443580255182872 	0.021680422624038072
46071     	0.35277621985417834 	89997.88687599998   	122103.16610600003  	0.7370643182001614  	0.044469378356251144	0.021689659665143073
46095     	0.3531390134529148  	90145.95401999998   	122313.13463700004  	0.7370095966188295  	0.044508969187888124	0.021702009615963767
46142     	0.35330347144456886 	90274.57007799998   	122489.60725900004  	0.7369977918789267  	0.044525967319280026	0.02170230967980567 
46238     	0.35307262569832404 	90435.18623399998   	122659.45721600004  	0.7372866983647745  	0.04450437637251464 	0.021679736382635893
46285     	0.35323660714285715 	90692.20983399998   	123087.64912100004  	0.7368099925675398  	0.04454037899052275 	0.021687579278002894
46333     	0.3534002229654404  	90806.52676799998   	123201.96605500004  	0.7370542019391312  	0.044567854031823   	0.021692219257082746
46357     	0.35376044568245124 	90913.20008199998   	123314.76597500005  	0.7372450441209212  	0.04462405856530763 	0.021709577058911834
46428     	0.35372636262513907 	91052.49935299998   	123513.82700600005  	0.7371846663659514  	0.044636244753134026	0.021705202281752694
46452     	0.3540856031128405  	91139.05313199997   	123700.33815200005  	0.7367728697718713  	0.044702552527780916	0.021728778687819278
46476     	0.35444444444444445 	91225.88366699997   	123787.16868700006  	0.7369575104966464  	0.04477145902557028 	0.021753044467598896
46500     	0.3548028872848418  	91290.92942099998   	123852.21444100006  	0.7370956573771119  	0.04484318617959069 	0.021777570504689755
46690     	0.35378662244333886 	91360.25340699998   	123921.53842700006  	0.7372427308979759  	0.044725371846658125	0.021713042612669237
46714     	0.3541436464088398  	91484.77137099998   	124072.58147900006  	0.7373488185742655  	0.04478098044223244 	0.021734058934832726
46738     	0.3545002760905577  	91538.64126799998   	124150.09546000006  	0.7373223591075919  	0.04483902564564159 	0.02175595549399507 
46880     	0.3538800220143093  	91613.34855099997   	124272.98733100005  	0.7371943856711884  	0.04476009919093152 	0.021713924893146084
46904     	0.3542354235423542  	91700.01115699997   	124359.64993700005  	0.7373775272241013  	0.04481027503717298 	0.021731995818960664
47027     	0.354006586169045   	92049.76456299998   	124912.57519000005  	0.7369135126946696  	0.044796486802576176	0.021721640911074976
47194     	0.3533916849015317  	92145.01547499998   	125037.79912000004  	0.7369372791548217  	0.044725133179539384	0.02168750212301364 
47250     	0.35355191256830604 	92247.00323199997   	125150.85481800004  	0.7370864814798883  	0.044756048893830336	0.0217013538619863  
47333     	0.353518821603928   	92320.50911199997   	125224.36069800003  	0.7372408099942045  	0.04474958421443944 	0.021701948040635032
47361     	0.3538713195201745  	92446.84240099997   	125367.81289500004  	0.7374049228921897  	0.04479688273167724 	0.021726149751380607
47416     	0.3540305010893246  	92579.32555499997   	125558.01390900004  	0.7373430231390738  	0.044819107333263386	0.02173440121989082 
47555     	0.35361216730038025 	92660.53469399997   	125639.22304800004  	0.7375127961321388  	0.04477435791265917 	0.021707443317618508
47694     	0.3531960996749729  	92833.24174399997   	125845.52671500004  	0.7376761349192621  	0.044721750490312455	0.021680769624199285
47750     	0.35335497835497837 	92962.65198099997   	125977.27783700005  	0.737931899919943   	0.04474393289123896 	0.021689274724128134
47833     	0.353322528363047   	93035.89616199998   	126083.68129800004  	0.7378900679629484  	0.04473343827903031 	0.021685403591849686
47888     	0.35348084187803563 	93185.21689199998   	126324.70028600004  	0.7376642626582764  	0.044746017967888546	0.021693967571619576
47916     	0.35382955771305286 	93242.02472499998   	126382.93247400003  	0.7377738662946604  	0.044780276866277884	0.021714039356161924
47972     	0.35398706896551724 	93357.33632599998   	126524.48445700003  	0.7378598437026466  	0.04478784149734128 	0.021719697889825095
48058     	0.35414424111948334 	93495.45586399997   	126662.60399500003  	0.738145695060009   	0.044795335476975666	0.021722342377328202
48117     	0.3543010752688172  	93613.23089299997   	126814.91021100002  	0.7381878892414331  	0.044806132460502905	0.021725174735745388
48176     	0.3544575725026853  	93669.64976199997   	126871.32908000002  	0.7383043154134187  	0.0448153580926763  	0.021727423271985406
48205     	0.3548040794417606  	93888.94949499998   	127128.90004500003  	0.7385334842177188  	0.04485412077113753 	0.021744656484167752
48235     	0.3551502145922747  	93957.33785699998   	127239.58502800003  	0.7384285152794545  	0.044894494889522164	0.021763526727753262
48294     	0.3553054662379421  	94018.81222399998   	127304.14115800003  	0.7385369507132618  	0.04490009227127638 	0.021762758688404268
48382     	0.3552701979668272  	94175.03990599998   	127504.25695700003  	0.7386031035635139  	0.044890324052091   	0.021753743024119594
48411     	0.35561497326203206 	94254.65463799998   	127716.87937100003  	0.7379968497680179  	0.04492218033141719 	0.021765600258161783
48441     	0.3559593800106895  	94379.83309799997   	127892.71477900003  	0.7379609797249932  	0.04495929706913432 	0.021779783085666506
48500     	0.3561131873998932  	94517.95117599997   	128233.97494700002  	0.737074174102962   	0.04497577639023838 	0.021788428013866386
48705     	0.3553191489361702  	94718.31352799997   	128449.57296300003  	0.7373968736765176  	0.044865176371534095	0.02173555069559115 
48764     	0.3554729011689692  	94788.02990299997   	128519.28933800003  	0.7375393249624316  	0.04487107705149434 	0.021737127546544326
48852     	0.35543766578249336 	94903.51529499998   	128682.91016000003  	0.7374989823978967  	0.044851212742585696	0.021726271425711062
49018     	0.355026455026455   	94998.16820599997   	128792.97656800003  	0.737603639091631   	0.04477740557968486 	0.021688565124009077
49037     	0.355367530407192   	95088.49416999998   	128883.30253200003  	0.7377875357158136  	0.04480025835727416 	0.021697673007084875
49055     	0.35570824524312894 	95262.99909699998   	129058.65541600004  	0.7381372352744173  	0.04482623938782932 	0.021708606620952364
49074     	0.3560486001056524  	95378.44087699997   	129183.31133200004  	0.7383185946664439  	0.04485625104494606 	0.021720678206156162
49092     	0.3563885955649419  	95673.10392899998   	129677.83132900004  	0.7377753232645591  	0.04489534048133203 	0.02173966348555654 
49203     	0.35578947368421054 	95923.73629699998   	130098.60840500004  	0.7373156213814919  	0.04480840966406915 	0.021699318548250798
49314     	0.3551941238195173  	96155.84622899999   	130400.72970400004  	0.7373873324732662  	0.04472406387316954 	0.02166075372094618 
49351     	0.3553459119496855  	96225.52333999999   	130470.40681500004  	0.7375275795410262  	0.04473487255465033 	0.021668408884677963
49444     	0.3549398849973863  	96376.56250399999   	130656.47707500003  	0.7376332552474798  	0.04467651405626135 	0.02164133371726327 
49462     	0.3552769070010449  	96481.81456399999   	130796.60846000003  	0.7376476783303282  	0.0447066424024982  	0.02165463573313463 
49500     	0.3554279749478079  	97024.86421399999   	131647.53890600003  	0.7370047706192093  	0.04473044259560923 	0.021671881215760247
49518     	0.3557642149191445  	97127.34615699999   	131788.30372400003  	0.7369951916249764  	0.04477628960011826 	0.021699338454474866
49722     	0.35425311203319504 	97328.370264        	132058.94974900002  	0.7370069991393142  	0.04458755500388661 	0.02161505945015895 
49796     	0.35403726708074534 	97494.528506        	132306.770408       	0.736882384819401   	0.04456499353524755 	0.02161237200643308 
49944     	0.35309278350515466 	97539.469382        	132351.71128400002  	0.7369717281002889  	0.04444453907503783 	0.021562320785236   
50065     	0.3526992287917738  	97670.85372         	132598.83952600003  	0.7365890536383515  	0.044392726241206215	0.021548289524897433
50086     	0.35303186022610483 	97771.41219         	132791.45110000003  	0.736277910814998   	0.04443533553640894 	0.02158072985658318 
50130     	0.3531827515400411  	97911.198759        	132990.75855700002  	0.7362255830508339  	0.044458060411957906	0.0216045625636733  
50260     	0.3526100307062436  	97988.01948300001   	133098.676987       	0.7362058113663345  	0.04438822312044121 	0.021584600699288664
50630     	0.350076103500761   	98166.51910100001   	133323.470493       	0.7363033585759691  	0.04406422103992999 	0.02143395681565965 
50739     	0.34969635627530365 	98249.28802300002   	133406.239415       	0.7364669632682339  	0.04400665262734827 	0.021411218918546547
50826     	0.34949494949494947 	98317.86986900002   	133509.32043199998  	0.7364120313912919  	0.043964108928206236	0.021395590240877553
50891     	0.3494704992435703  	98406.72902200001   	133598.17958499998  	0.7365873496756002  	0.04394770086451527 	0.021390908513841653
51026     	0.34909456740442657 	98607.51542800001   	133850.93738699998  	0.7366964875479242  	0.04388376160290443 	0.021363932352477667
51184     	0.3485456369107322  	98674.21261800002   	133929.949562       	0.7367598729089412  	0.043801947085832564	0.02132686069891285 
51236     	0.3486973947895792  	98734.31076700002   	133997.511848       	0.7368368964865499  	0.0437897625422427  	0.02131827953604136 
51263     	0.34902353530295444 	99001.76298900002   	134440.918254       	0.7363960635998887  	0.04380640081884444 	0.021328595878641027
51315     	0.3491745872936468  	99076.28416900002   	134515.439434       	0.736542099448828   	0.0438038255502336  	0.0213287980458995  
51342     	0.3495              	99156.28864200001   	134600.003468       	0.7366737450758949  	0.043828345374219195	0.0213399742049759  
